17
# Circuit board instance
Size: small
Nodes: 17
0.000000 40.000000 40.000000 56.568542 18.469503 20.983631 23.503323 26.026963 28.553505 30.593286 31.433570 32.301940 33.196191 34.611729 35.356640 36.130845 36.932503 
40.000000 0.000000 56.568542 40.000000 21.924226 19.407780 16.898383 14.399721 11.918549 25.999588 26.983305 27.990083 29.017521 23.056479 24.160327 25.279783 26.412861 
40.000000 56.568542 0.000000 40.000000 41.435713 42.615825 43.911296 45.312234 46.809170 30.743588 29.928054 29.145058 28.397292 34.744653 34.025154 33.338522 32.686830 
56.568542 40.000000 40.000000 0.000000 43.086743 41.862366 40.759675 39.788789 38.959563 26.176280 25.213446 24.278876 23.375963 23.255544 22.166202 21.097073 20.051391 
18.469503 21.924226 41.435713 43.086743 0.000000 2.540000 5.080000 7.620000 10.160000 17.797243 19.019557 20.247742 21.480791 19.831471 20.935352 22.057118 23.194176 
20.983631 19.407780 42.615825 41.862366 2.540000 0.000000 2.540000 5.080000 7.620000 17.257576 18.515552 19.775064 21.035838 18.669841 19.838464 21.018853 22.209130 
23.503323 16.898383 43.911296 40.759675 5.080000 2.540000 0.000000 2.540000 5.080000 17.082425 18.352410 19.622397 20.892385 17.797243 19.019557 20.247742 21.480791 
26.026963 14.399721 45.312234 39.788789 7.620000 5.080000 2.540000 0.000000 2.540000 17.282874 18.539133 19.797145 21.056597 17.257576 18.515552 19.775064 21.035838 
28.553505 11.918549 46.809170 38.959563 10.160000 7.620000 5.080000 2.540000 0.000000 17.846272 19.065444 20.290851 21.521430 17.082425 18.352410 19.622397 20.892385 
30.593286 25.999588 30.743588 26.176280 17.797243 17.257576 17.082425 17.282874 17.846272 0.000000 1.270000 2.540000 3.810000 5.080000 5.236344 5.679613 6.350000 
31.433570 26.983305 29.928054 25.213446 19.019557 18.515552 18.352410 18.539133 19.065444 1.270000 0.000000 1.270000 2.540000 5.236344 5.080000 5.236344 5.679613 
32.301940 27.990083 29.145058 24.278876 20.247742 19.775064 19.622397 19.797145 20.290851 2.540000 1.270000 0.000000 1.270000 5.679613 5.236344 5.080000 5.236344 
33.196191 29.017521 28.397292 23.375963 21.480791 21.035838 20.892385 21.056597 21.521430 3.810000 2.540000 1.270000 0.000000 6.350000 5.679613 5.236344 5.080000 
34.611729 23.056479 34.744653 23.255544 19.831471 18.669841 17.797243 17.257576 17.082425 5.080000 5.236344 5.679613 6.350000 0.000000 1.270000 2.540000 3.810000 
35.356640 24.160327 34.025154 22.166202 20.935352 19.838464 19.019557 18.515552 18.352410 5.236344 5.080000 5.236344 5.679613 1.270000 0.000000 1.270000 2.540000 
36.130845 25.279783 33.338522 21.097073 22.057118 21.018853 20.247742 19.775064 19.622397 5.679613 5.236344 5.080000 5.236344 2.540000 1.270000 0.000000 1.270000 
36.932503 26.412861 32.686830 20.051391 23.194176 22.209130 21.480791 21.035838 20.892385 6.350000 5.679613 5.236344 5.080000 3.810000 2.540000 1.270000 0.000000 
