17
# Circuit board instance
Size: small
Nodes: 17
0.000000 40.000000 40.000000 56.568542 6.516604 7.693009 8.895192 10.113965 9.765321 10.586678 11.489987 12.457434 27.973078 28.552821 29.341732 30.323490 31.480059 
40.000000 0.000000 56.568542 40.000000 37.804327 38.024774 38.286100 38.587476 32.797295 33.051154 33.351474 33.697013 44.362404 42.398035 40.497741 38.670969 36.928633 
40.000000 56.568542 0.000000 40.000000 34.158016 32.892040 31.626387 30.361096 34.923708 33.686520 32.451867 31.220050 13.541184 14.701501 16.180475 17.899292 19.795573 
56.568542 40.000000 40.000000 0.000000 50.531882 49.684880 48.856211 48.046823 46.903800 45.990028 45.093511 44.215298 36.998560 34.618837 32.263564 29.938511 27.651302 
6.516604 37.804327 34.158016 50.531882 0.000000 1.270000 2.540000 3.810000 5.080000 5.236344 5.679613 6.350000 21.689183 22.127961 22.842413 23.807734 24.994875 
7.693009 38.024774 32.892040 49.684880 1.270000 0.000000 1.270000 2.540000 5.236344 5.080000 5.236344 5.679613 20.428279 20.893553 21.648781 22.664997 23.908945 
8.895192 38.286100 31.626387 48.856211 2.540000 1.270000 0.000000 1.270000 5.679613 5.236344 5.080000 5.236344 19.168575 19.663678 20.464345 21.536522 22.842009 
10.113965 38.587476 30.361096 48.046823 3.810000 2.540000 1.270000 0.000000 6.350000 5.679613 5.236344 5.080000 17.910325 18.439244 19.290798 20.424673 21.796854 
9.765321 32.797295 34.923708 46.903800 5.080000 5.236344 5.679613 6.350000 0.000000 1.270000 2.540000 3.810000 21.695122 21.542932 21.689183 22.127961 22.842413 
10.586678 33.051154 33.686520 45.990028 5.236344 5.080000 5.236344 5.679613 1.270000 0.000000 1.270000 2.540000 20.434584 20.272932 20.428279 20.893553 21.648781 
11.489987 33.351474 32.451867 45.093511 5.679613 5.236344 5.080000 5.236344 2.540000 1.270000 0.000000 1.270000 19.175294 19.002934 19.168575 19.663678 20.464345 
12.457434 33.697013 31.220050 44.215298 6.350000 5.679613 5.236344 5.080000 3.810000 2.540000 1.270000 0.000000 17.917517 17.732935 17.910325 18.439244 19.290798 
27.973078 44.362404 13.541184 36.998560 21.689183 20.428279 19.168575 17.910325 21.695122 20.434584 19.175294 17.917517 0.000000 2.540000 5.080000 7.620000 10.160000 
28.552821 42.398035 14.701501 34.618837 22.127961 20.893553 19.663678 18.439244 21.542932 20.272932 19.002934 17.732935 2.540000 0.000000 2.540000 5.080000 7.620000 
29.341732 40.497741 16.180475 32.263564 22.842413 21.648781 20.464345 19.290798 21.689183 20.428279 19.168575 17.910325 5.080000 2.540000 0.000000 2.540000 5.080000 
30.323490 38.670969 17.899292 29.938511 23.807734 22.664997 21.536522 20.424673 22.127961 20.893553 19.663678 18.439244 7.620000 5.080000 2.540000 0.000000 2.540000 
31.480059 36.928633 19.795573 27.651302 24.994875 23.908945 22.842009 21.796854 22.842413 21.648781 20.464345 19.290798 10.160000 7.620000 5.080000 2.540000 0.000000 
