36
# Circuit board instance
Size: large
Nodes: 36
0.000000 115.000000 115.000000 162.634560 124.700300 125.835914 127.012176 128.227967 129.482175 16.591402 17.769942 18.960297 20.160375 19.133197 20.163716 21.220214 22.298998 71.122953 73.639100 76.156830 78.675992 81.196453 83.718094 86.240813 72.576411 75.043840 77.515958 79.992329 82.472571 84.956344 87.443347 36.248306 36.598587 37.119762 37.804763 38.644878 
115.000000 0.000000 162.634560 115.000000 127.223416 126.040113 124.897260 123.795979 122.737388 109.676153 109.860615 110.059424 110.272502 104.648283 104.841592 105.049900 105.273118 126.521431 127.952785 129.418163 130.916423 132.446450 134.007154 135.597478 120.266095 121.770999 123.309861 124.881427 126.484477 128.117830 129.780341 116.943342 114.529744 112.121730 109.719668 107.323959 
115.000000 162.634560 0.000000 115.000000 54.816083 57.352553 59.889322 62.426354 64.963619 99.896660 98.629301 97.362010 96.094791 100.350124 99.088564 97.827223 96.566109 45.653874 43.177758 40.709515 38.250668 35.803153 33.369464 30.952863 47.886713 45.532185 43.198676 40.889786 38.609931 36.364573 34.160515 79.035662 79.196924 79.439114 79.761496 80.163101 
162.634560 115.000000 115.000000 0.000000 60.336023 57.799205 55.262679 52.726488 50.190682 147.420917 146.565081 145.715287 144.871642 143.719627 142.841617 141.969537 141.103499 114.164243 113.196806 112.278505 111.410555 110.594140 109.830411 109.120474 107.190183 106.159210 105.179483 104.252447 103.379519 102.562080 101.801468 136.412761 134.349389 132.302602 130.273181 128.261952 
124.700300 127.223416 54.816083 60.336023 0.000000 2.540000 5.080000 7.620000 10.160000 108.141716 107.007161 105.875683 104.747380 105.968457 104.810379 103.654924 102.502179 61.175752 59.477108 57.840153 56.270271 54.773230 53.355162 52.022524 55.831454 53.964849 52.155171 50.408551 48.731769 47.132280 45.618216 91.509670 90.119231 88.779700 87.493415 86.262758 
125.835914 126.040113 57.352553 57.799205 2.540000 0.000000 2.540000 5.080000 7.620000 109.300705 108.178306 107.059206 105.943508 107.030466 105.884005 104.740394 103.599727 63.061236 61.414764 59.830846 58.314580 56.871378 55.506938 54.227206 57.555960 55.747128 53.997214 52.312133 50.698349 49.162884 47.713299 92.948732 91.509670 90.119231 88.779700 87.493415 
127.012176 124.897260 59.889322 55.262679 5.080000 2.540000 0.000000 2.540000 5.080000 110.505930 109.395898 108.289381 107.186489 108.141716 107.007161 105.875683 104.747380 64.991304 63.394979 61.861783 60.396526 59.004268 57.690296 56.460074 59.339102 57.586307 55.894004 54.267852 52.713974 51.238946 49.849768 94.434194 92.948732 91.509670 90.119231 88.779700 
128.227967 123.795979 62.426354 52.726488 7.620000 5.080000 2.540000 0.000000 2.540000 111.755896 110.658403 109.564637 108.474712 109.300705 108.178306 107.059206 105.943508 66.962100 65.413887 63.929129 62.512348 61.168268 59.901782 58.717912 61.175752 59.477108 57.840153 56.270271 54.773230 53.355162 52.022524 95.963902 94.434194 92.948732 91.509670 90.119231 
129.482175 122.737388 64.963619 50.190682 10.160000 7.620000 5.080000 2.540000 0.000000 113.049119 111.964302 110.883419 109.806585 110.505930 109.395898 108.289381 107.186489 68.970134 67.468015 66.029463 64.658720 63.360188 62.138393 60.997948 63.061236 61.414764 59.830846 58.314580 56.871378 55.506938 54.227206 97.535774 95.963902 94.434194 92.948732 91.509670 
16.591402 109.676153 99.896660 147.420917 108.141716 109.300705 110.505930 111.755896 113.049119 0.000000 1.270000 2.540000 3.810000 5.080000 5.236344 5.679613 6.350000 55.233731 57.768858 60.304395 62.840293 65.376509 67.913008 70.449759 56.232809 58.724822 61.220779 63.720217 66.222742 68.728017 71.235751 20.912964 20.745358 20.887578 21.333428 22.064510 
17.769942 109.860615 98.629301 146.565081 107.007161 108.178306 109.395898 110.658403 111.964302 1.270000 0.000000 1.270000 2.540000 5.236344 5.080000 5.236344 5.679613 53.966339 56.501240 59.036579 61.572302 64.108363 66.644725 69.181354 54.988449 57.478290 59.972338 62.470089 64.971116 67.475055 69.981593 19.653814 19.475375 19.626800 20.100635 20.874936 
18.960297 110.059424 97.362010 145.715287 105.875683 107.059206 108.289381 109.564637 110.883419 2.540000 1.270000 0.000000 1.270000 5.679613 5.236344 5.080000 5.236344 52.699073 55.233731 57.768858 60.304395 62.840293 65.376509 67.913008 53.745289 56.232809 58.724822 61.220779 63.720217 66.222742 68.728017 18.396156 18.205395 18.367293 18.872776 19.695408 
20.160375 110.272502 96.094791 144.871642 104.747380 105.943508 107.186489 108.474712 109.806585 3.810000 2.540000 1.270000 0.000000 6.350000 5.679613 5.236344 5.080000 51.431942 53.966339 56.501240 59.036579 61.572302 64.108363 66.644725 52.503413 54.988449 57.478290 59.972338 62.470089 64.971116 67.475055 17.140319 16.935417 17.109337 17.650882 18.527846 
19.133197 104.648283 100.350124 143.719627 105.968457 107.030466 108.141716 109.300705 110.505930 5.080000 5.236344 5.679613 6.350000 0.000000 1.270000 2.540000 3.810000 55.145613 57.684612 60.223696 62.762855 65.302078 67.841360 70.380694 55.452530 57.978091 60.504860 63.032693 65.561467 68.091076 70.621431 22.136530 21.383111 20.912964 20.745358 20.887578 
20.163716 104.841592 99.088564 142.841617 104.810379 105.884005 107.007161 108.178306 109.395898 5.236344 5.080000 5.236344 5.679613 1.270000 0.000000 1.270000 2.540000 53.876148 56.415101 58.954145 61.493267 64.032459 66.571712 69.111021 54.190256 56.715149 59.241334 61.768652 64.296970 66.826173 69.356166 20.951046 20.153356 19.653814 19.475375 19.626800 
21.220214 105.049900 97.827223 141.969537 103.654924 104.740394 105.875683 107.059206 108.289381 5.679613 5.236344 5.080000 5.236344 2.540000 1.270000 0.000000 1.270000 52.606709 55.145613 57.684612 60.223696 62.762855 65.302078 67.841360 52.928351 55.452530 57.978091 60.504860 63.032693 65.561467 68.091076 19.776059 18.928918 18.396156 18.205395 18.367293 
22.298998 105.273118 96.566109 141.103499 102.502179 103.599727 104.747380 105.943508 107.186489 6.350000 5.679613 5.236344 5.080000 3.810000 2.540000 1.270000 0.000000 51.337298 53.876148 56.415101 58.954145 61.493267 64.032459 66.571712 51.666844 54.190256 56.715149 59.241334 61.768652 64.296970 66.826173 18.613556 17.710898 17.140319 16.935417 17.109337 
71.122953 126.521431 45.653874 114.164243 61.175752 63.061236 64.991304 66.962100 68.970134 55.233731 53.966339 52.699073 51.431942 55.145613 53.876148 52.606709 51.337298 0.000000 2.540000 5.080000 7.620000 10.160000 12.700000 15.240000 7.620000 8.032185 9.158100 10.776307 12.700000 14.810618 17.038838 34.922122 34.565966 34.394194 34.409568 34.611839 
73.639100 127.952785 43.177758 113.196806 59.477108 61.414764 63.394979 65.413887 67.468015 57.768858 56.501240 55.233731 53.966339 57.684612 56.415101 55.145613 53.876148 2.540000 0.000000 2.540000 5.080000 7.620000 10.160000 12.700000 8.032185 7.620000 8.032185 9.158100 10.776307 12.700000 14.810618 37.425198 37.093083 36.933067 36.947384 37.135835 
76.156830 129.418163 40.709515 112.278505 57.840153 59.830846 61.861783 63.929129 66.029463 60.304395 59.036579 57.768858 56.501240 60.223696 58.954145 57.684612 56.415101 5.080000 2.540000 0.000000 2.540000 5.080000 7.620000 10.160000 9.158100 8.032185 7.620000 8.032185 9.158100 10.776307 12.700000 39.932937 39.621848 39.472084 39.485481 39.661874 
78.675992 130.916423 38.250668 111.410555 56.270271 58.314580 60.396526 62.512348 64.658720 62.840293 61.572302 60.304395 59.036579 62.762855 61.493267 60.223696 58.954145 7.620000 5.080000 2.540000 0.000000 2.540000 5.080000 7.620000 10.776307 9.158100 8.032185 7.620000 8.032185 9.158100 10.776307 42.444513 42.151964 42.011221 42.023808 42.189590 
81.196453 132.446450 35.803153 110.594140 54.773230 56.871378 59.004268 61.168268 63.360188 65.376509 64.108363 62.840293 61.572302 65.302078 64.032459 62.762855 61.493267 10.160000 7.620000 5.080000 2.540000 0.000000 2.540000 5.080000 12.700000 10.776307 9.158100 8.032185 7.620000 8.032185 9.158100 44.959283 44.683202 44.550456 44.562326 44.718698 
83.718094 134.007154 33.369464 109.830411 53.355162 55.506938 57.690296 59.901782 62.138393 67.913008 66.644725 65.376509 64.108363 67.841360 66.571712 65.302078 64.032459 12.700000 10.160000 7.620000 5.080000 2.540000 0.000000 2.540000 14.810618 12.700000 10.776307 9.158100 8.032185 7.620000 8.032185 47.476739 47.215380 47.089773 47.101004 47.248974 
86.240813 135.597478 30.952863 109.120474 52.022524 54.227206 56.460074 58.717912 60.997948 70.449759 69.181354 67.913008 66.644725 70.380694 69.111021 67.841360 66.571712 15.240000 12.700000 10.160000 7.620000 5.080000 2.540000 0.000000 17.038838 14.810618 12.700000 10.776307 9.158100 8.032185 7.620000 49.996476 49.748356 49.629160 49.639816 49.780241 
72.576411 120.266095 47.886713 107.190183 55.831454 57.555960 59.339102 61.175752 63.061236 56.232809 54.988449 53.745289 52.503413 55.452530 54.190256 52.928351 51.666844 7.620000 8.032185 9.158100 10.776307 12.700000 14.810618 17.038838 0.000000 2.540000 5.080000 7.620000 10.160000 12.700000 15.240000 37.029982 36.162984 35.457106 34.922122 34.565966 
75.043840 121.770999 45.532185 106.159210 53.964849 55.747128 57.586307 59.477108 61.414764 58.724822 57.478290 56.232809 54.988449 57.978091 56.715149 55.452530 54.190256 8.032185 7.620000 8.032185 9.158100 10.776307 12.700000 14.810618 2.540000 0.000000 2.540000 5.080000 7.620000 10.160000 12.700000 39.399371 38.585648 37.924889 37.425198 37.093083 
77.515958 123.309861 43.198676 105.179483 52.155171 53.997214 55.894004 57.840153 59.830846 61.220779 59.972338 58.724822 57.478290 60.504860 59.241334 57.978091 56.715149 9.158100 8.032185 7.620000 8.032185 9.158100 10.776307 12.700000 5.080000 2.540000 0.000000 2.540000 5.080000 7.620000 10.160000 41.788808 41.022509 40.401624 39.932937 39.621848 
79.992329 124.881427 40.889786 104.252447 50.408551 52.312133 54.267852 56.270271 58.314580 63.720217 62.470089 61.220779 59.972338 63.032693 61.768652 60.504860 59.241334 10.776307 9.158100 8.032185 7.620000 8.032185 9.158100 10.776307 7.620000 5.080000 2.540000 0.000000 2.540000 5.080000 7.620000 44.195041 43.471180 42.885761 42.444513 42.151964 
82.472571 126.484477 38.609931 103.379519 48.731769 50.698349 52.713974 54.773230 56.871378 66.222742 64.971116 63.720217 62.470089 65.561467 64.296970 63.032693 61.768652 12.700000 10.776307 9.158100 8.032185 7.620000 8.032185 9.158100 10.160000 7.620000 5.080000 2.540000 0.000000 2.540000 5.080000 46.615471 45.929772 45.376083 44.959283 44.683202 
84.956344 128.117830 36.364573 102.562080 47.132280 49.162884 51.238946 53.355162 55.506938 68.728017 67.475055 66.222742 64.971116 68.091076 66.826173 65.561467 64.296970 14.810618 12.700000 10.776307 9.158100 8.032185 7.620000 8.032185 12.700000 10.160000 7.620000 5.080000 2.540000 0.000000 2.540000 49.047994 48.396772 47.871626 47.476739 47.215380 
87.443347 129.780341 34.160515 101.801468 45.618216 47.713299 49.849768 52.022524 54.227206 71.235751 69.981593 68.728017 67.475055 70.621431 69.356166 68.091076 66.826173 17.038838 14.810618 12.700000 10.776307 9.158100 8.032185 7.620000 15.240000 12.700000 10.160000 7.620000 5.080000 2.540000 0.000000 51.490898 50.870958 50.371613 49.996476 49.748356 
36.248306 116.943342 79.035662 136.412761 91.509670 92.948732 94.434194 95.963902 97.535774 20.912964 19.653814 18.396156 17.140319 22.136530 20.951046 19.776059 18.613556 34.922122 37.425198 39.932937 42.444513 44.959283 47.476739 49.996476 37.029982 39.399371 41.788808 44.195041 46.615471 49.047994 51.490898 0.000000 2.540000 5.080000 7.620000 10.160000 
36.598587 114.529744 79.196924 134.349389 90.119231 91.509670 92.948732 94.434194 95.963902 20.745358 19.475375 18.205395 16.935417 21.383111 20.153356 18.928918 17.710898 34.565966 37.093083 39.621848 42.151964 44.683202 47.215380 49.748356 36.162984 38.585648 41.022509 43.471180 45.929772 48.396772 50.870958 2.540000 0.000000 2.540000 5.080000 7.620000 
37.119762 112.121730 79.439114 132.302602 88.779700 90.119231 91.509670 92.948732 94.434194 20.887578 19.626800 18.367293 17.109337 20.912964 19.653814 18.396156 17.140319 34.394194 36.933067 39.472084 42.011221 44.550456 47.089773 49.629160 35.457106 37.924889 40.401624 42.885761 45.376083 47.871626 50.371613 5.080000 2.540000 0.000000 2.540000 5.080000 
37.804763 109.719668 79.761496 130.273181 87.493415 88.779700 90.119231 91.509670 92.948732 21.333428 20.100635 18.872776 17.650882 20.745358 19.475375 18.205395 16.935417 34.409568 36.947384 39.485481 42.023808 44.562326 47.101004 49.639816 34.922122 37.425198 39.932937 42.444513 44.959283 47.476739 49.996476 7.620000 5.080000 2.540000 0.000000 2.540000 
38.644878 107.323959 80.163101 128.261952 86.262758 87.493415 88.779700 90.119231 91.509670 22.064510 20.874936 19.695408 18.527846 20.887578 19.626800 18.367293 17.109337 34.611839 37.135835 39.661874 42.189590 44.718698 47.248974 49.780241 34.565966 37.093083 39.621848 42.151964 44.683202 47.215380 49.748356 10.160000 7.620000 5.080000 2.540000 0.000000 
