42
# Circuit board instance
Size: large
Nodes: 42
0.000000 115.000000 115.000000 162.634560 112.512051 114.880708 117.256539 119.639115 122.028042 99.301069 101.623987 103.957059 106.299619 108.651051 111.010793 113.378325 102.654948 104.903626 107.165323 109.439230 111.724604 114.020754 116.327042 138.377428 140.177643 142.000470 143.845052 145.710560 101.618252 103.751966 105.903611 108.072117 110.256489 112.455802 114.669197 105.987098 108.034560 110.102546 112.189921 114.295622 116.418655 118.558089 
115.000000 0.000000 162.634560 115.000000 42.307499 41.765296 41.372198 41.132477 41.048823 117.216625 119.190896 121.186242 123.201639 125.236121 127.288771 129.358724 112.536543 114.591473 116.665511 118.757653 120.866960 122.992550 125.133591 99.807642 99.392274 99.040327 98.752476 98.529285 103.630654 105.723762 107.836071 109.966476 112.113945 114.277517 116.456293 99.467122 101.646001 103.841292 106.051976 108.277110 110.515821 112.767300 
115.000000 162.634560 0.000000 115.000000 128.229294 130.312576 132.411805 134.526235 136.655162 47.394287 46.138387 44.990959 43.960495 43.055396 42.283712 41.652859 54.069905 52.972511 51.976173 51.086802 50.310071 49.651268 49.115138 98.871331 101.375535 103.881476 106.389033 108.898094 63.273596 62.109172 61.028302 60.035501 59.135203 58.331692 57.629017 70.075272 69.025684 68.054753 67.165893 66.362399 65.647407 65.023837 
162.634560 115.000000 115.000000 0.000000 74.657315 74.351397 74.131296 73.997777 73.951309 78.263998 77.509907 76.832424 76.233589 75.715270 75.279129 74.926602 71.063278 70.231915 69.483505 68.820755 68.246159 67.761961 67.370110 24.265054 22.495594 20.885733 19.475090 18.309768 66.457440 65.349771 64.323378 63.382211 62.530117 61.770783 61.107666 59.757736 58.523400 57.375019 56.317852 55.357125 54.497939 53.745164 
112.512051 42.307499 128.229294 74.657315 0.000000 2.540000 5.080000 7.620000 10.160000 81.040759 82.618457 84.243204 85.912331 87.623301 89.373713 91.161293 75.156163 76.854757 78.598738 80.385153 82.211235 84.074401 85.972237 57.668180 57.401340 57.246065 57.203263 57.273186 65.855848 67.577114 69.348708 71.166869 73.028122 74.929254 76.867306 60.394508 62.266928 64.185257 66.145501 68.144043 70.177610 72.243247 
114.880708 41.765296 130.312576 74.351397 2.540000 0.000000 2.540000 5.080000 7.620000 83.065012 84.604970 86.192279 87.824371 89.498796 91.213223 92.965439 77.083921 78.740940 80.444041 82.190358 83.977195 85.802021 87.662464 58.045044 57.668180 57.401340 57.246065 57.203263 67.768954 69.442817 71.167982 72.940810 74.757909 76.616131 78.512554 62.164503 63.985148 65.853443 67.765449 69.717568 71.706526 73.729340 
117.256539 41.372198 132.411805 74.131296 5.080000 2.540000 0.000000 2.540000 5.080000 85.116926 86.620412 88.171445 89.767561 91.406397 93.085697 94.803311 79.046291 80.663008 82.326356 84.033565 85.782017 87.569242 89.392913 58.529810 58.045044 57.668180 57.401340 57.246065 69.722111 71.350167 73.030290 74.758968 76.532912 78.349047 80.204506 63.986385 65.756605 67.575943 69.440536 71.346839 73.291595 75.271824 
119.639115 41.132477 134.526235 73.997777 7.620000 5.080000 2.540000 0.000000 2.540000 87.194547 88.662810 90.178722 91.739920 93.344134 94.989183 96.672984 81.040759 82.618457 84.243204 85.912331 87.623301 89.373713 91.161293 59.119822 58.529810 58.045044 57.668180 57.401340 71.712046 73.295915 74.932424 76.618197 78.350057 80.125014 81.940269 65.855848 67.577114 69.348708 71.166869 73.028122 74.929254 76.867306 
122.028042 41.048823 136.655162 73.951309 10.160000 7.620000 5.080000 2.540000 0.000000 89.296082 90.730343 92.212272 93.739609 95.310171 96.921856 98.572648 83.065012 84.604970 86.192279 87.824371 89.498796 91.213223 92.965439 59.811965 59.119822 58.529810 58.045044 57.668180 73.735782 75.277083 76.871426 78.515579 80.206480 81.941235 83.717117 67.768954 69.442817 71.167982 72.940810 74.757909 76.616131 78.512554 
99.301069 117.216625 47.394287 78.263998 81.040759 83.065012 85.116926 87.194547 89.296082 0.000000 2.540000 5.080000 7.620000 10.160000 12.700000 15.240000 7.620000 8.032185 9.158100 10.776307 12.700000 14.810618 17.038838 57.319825 59.838092 62.358122 64.879710 67.402681 16.082108 15.380334 15.079071 15.202147 15.739611 16.651386 17.880301 23.374307 22.897133 22.695867 22.777825 23.139995 23.769575 24.646078 
101.623987 119.190896 46.138387 77.509907 82.618457 84.604970 86.620412 88.662810 90.730343 2.540000 0.000000 2.540000 5.080000 7.620000 10.160000 12.700000 8.032185 7.620000 8.032185 9.158100 10.776307 12.700000 14.810618 57.036643 59.566884 62.097921 64.629662 67.162026 17.135253 16.082108 15.380334 15.079071 15.202147 15.739611 16.651386 24.111012 23.374307 22.897133 22.695867 22.777825 23.139995 23.769575 
103.957059 121.186242 44.990959 76.832424 84.243204 86.192279 88.171445 90.178722 92.212272 5.080000 2.540000 0.000000 2.540000 5.080000 7.620000 10.160000 9.158100 8.032185 7.620000 8.032185 9.158100 10.776307 12.700000 56.865615 59.403141 61.940870 64.478777 67.016843 18.479794 17.135253 16.082108 15.380334 15.079071 15.202147 15.739611 25.084394 24.111012 23.374307 22.897133 22.695867 22.777825 23.139995 
106.299619 123.201639 43.960495 76.233589 85.912331 87.824371 89.767561 91.739920 93.739609 7.620000 5.080000 2.540000 0.000000 2.540000 5.080000 7.620000 10.776307 9.158100 8.032185 7.620000 8.032185 9.158100 10.776307 56.807754 59.347754 61.887754 64.427754 66.967754 20.057216 18.479794 17.135253 16.082108 15.380334 15.079071 15.202147 26.268154 25.084394 24.111012 23.374307 22.897133 22.695867 22.777825 
108.651051 125.236121 43.055396 75.715270 87.623301 89.498796 91.406397 93.344134 95.310171 10.160000 7.620000 5.080000 2.540000 0.000000 2.540000 5.080000 12.700000 10.776307 9.158100 8.032185 7.620000 8.032185 9.158100 56.863406 59.401026 61.938841 64.476829 67.014968 21.817062 20.057216 18.479794 17.135253 16.082108 15.380334 15.079071 27.635272 26.268154 25.084394 24.111012 23.374307 22.897133 22.695867 
111.010793 127.288771 42.283712 75.279129 89.373713 91.213223 93.085697 94.989183 96.921856 12.700000 10.160000 7.620000 5.080000 2.540000 0.000000 2.540000 14.810618 12.700000 10.776307 9.158100 8.032185 7.620000 8.032185 57.032237 59.562665 62.093874 64.625773 67.158284 23.718763 21.817062 20.057216 18.479794 17.135253 16.082108 15.380334 29.159968 27.635272 26.268154 25.084394 24.111012 23.374307 22.897133 
113.378325 129.358724 41.652859 74.926602 91.161293 92.965439 94.803311 96.672984 98.572648 15.240000 12.700000 10.160000 7.620000 5.080000 2.540000 0.000000 17.038838 14.810618 12.700000 10.776307 9.158100 8.032185 7.620000 57.313248 59.831793 62.352077 64.873900 67.397088 25.730885 23.718763 21.817062 20.057216 18.479794 17.135253 16.082108 30.818865 29.159968 27.635272 26.268154 25.084394 24.111012 23.374307 
102.654948 112.536543 54.069905 71.063278 75.156163 77.083921 79.046291 81.040759 83.065012 7.620000 8.032185 9.158100 10.776307 12.700000 14.810618 17.038838 0.000000 2.540000 5.080000 7.620000 10.160000 12.700000 15.240000 49.778274 52.289597 54.803563 57.319825 59.838092 9.329468 8.059744 7.468813 7.714276 8.725832 10.279759 12.170043 16.082108 15.380334 15.079071 15.202147 15.739611 16.651386 17.880301 
104.903626 114.591473 52.972511 70.231915 76.854757 78.740940 80.663008 82.618457 84.604970 8.032185 7.620000 8.032185 9.158100 10.776307 12.700000 14.810618 2.540000 0.000000 2.540000 5.080000 7.620000 10.160000 12.700000 49.451926 51.979018 54.507310 57.036643 59.566884 11.046342 9.329468 8.059744 7.468813 7.714276 8.725832 10.279759 17.135253 16.082108 15.380334 15.079071 15.202147 15.739611 16.651386 
107.165323 116.665511 51.976173 69.483505 78.598738 80.444041 82.326356 84.243204 86.192279 9.158100 8.032185 7.620000 8.032185 9.158100 10.776307 12.700000 5.080000 2.540000 0.000000 2.540000 5.080000 7.620000 10.160000 49.254568 51.791292 54.328321 56.865615 59.403141 13.034860 11.046342 9.329468 8.059744 7.468813 7.714276 8.725832 18.479794 17.135253 16.082108 15.380334 15.079071 15.202147 15.739611 
109.439230 118.757653 51.086802 68.820755 80.385153 82.190358 84.033565 85.912331 87.824371 10.776307 9.158100 8.032185 7.620000 8.032185 9.158100 10.776307 7.620000 5.080000 2.540000 0.000000 2.540000 5.080000 7.620000 49.187755 51.727755 54.267755 56.807754 59.347754 15.188703 13.034860 11.046342 9.329468 8.059744 7.468813 7.714276 20.057216 18.479794 17.135253 16.082108 15.380334 15.079071 15.202147 
111.724604 120.866960 50.310071 68.246159 82.211235 83.977195 85.782017 87.623301 89.498796 12.700000 10.776307 9.158100 8.032185 7.620000 8.032185 9.158100 10.160000 7.620000 5.080000 2.540000 0.000000 2.540000 5.080000 49.252017 51.788866 54.326008 56.863406 59.401026 17.446747 15.188703 13.034860 11.046342 9.329468 8.059744 7.468813 21.817062 20.057216 18.479794 17.135253 16.082108 15.380334 15.079071 
114.020754 122.992550 49.651268 67.761961 84.074401 85.802021 87.569242 89.373713 91.213223 14.810618 12.700000 10.776307 9.158100 8.032185 7.620000 8.032185 12.700000 10.160000 7.620000 5.080000 2.540000 0.000000 2.540000 49.446844 51.974183 54.502700 57.032237 59.562665 19.773328 17.446747 15.188703 13.034860 11.046342 9.329468 8.059744 23.718763 21.817062 20.057216 18.479794 17.135253 16.082108 15.380334 
116.327042 125.133591 49.115138 67.370110 85.972237 87.662464 89.392913 91.161293 92.965439 17.038838 14.810618 12.700000 10.776307 9.158100 8.032185 7.620000 15.240000 12.700000 10.160000 7.620000 5.080000 2.540000 0.000000 49.770702 52.282388 54.796685 57.313248 59.831793 22.146855 19.773328 17.446747 15.188703 13.034860 11.046342 9.329468 25.730885 23.718763 21.817062 20.057216 18.479794 17.135253 16.082108 
138.377428 99.807642 98.871331 24.265054 57.668180 58.045044 58.529810 59.119822 59.811965 57.319825 57.036643 56.865615 56.807754 56.863406 57.032237 57.313248 49.778274 49.451926 49.254568 49.187755 49.252017 49.446844 49.770702 0.000000 2.540000 5.080000 7.620000 10.160000 43.794242 43.093165 42.532450 42.117704 41.853265 41.741991 41.785106 36.604775 35.763036 35.085371 34.581424 34.258863 34.122834 34.175562 
140.177643 99.392274 101.375535 22.495594 57.401340 57.668180 58.045044 58.529810 59.119822 59.838092 59.566884 59.403141 59.347754 59.401026 59.562665 59.831793 52.289597 51.979018 51.791292 51.727755 51.788866 51.974183 52.282388 2.540000 0.000000 2.540000 5.080000 7.620000 46.221395 45.557684 45.027670 44.636114 44.386682 44.281775 44.322419 38.983095 38.193808 37.560024 37.089716 36.789154 36.662514 36.711595 
142.000470 99.040327 103.881476 20.885733 57.246065 57.401340 57.668180 58.045044 58.529810 62.358122 62.097921 61.940870 61.887754 61.938841 62.093874 62.352077 54.803563 54.507310 54.328321 54.267755 54.326008 54.502700 54.796685 5.080000 2.540000 0.000000 2.540000 5.080000 48.660069 48.030069 47.527634 47.156841 46.920811 46.821582 46.860024 41.380636 40.637942 40.042861 39.602050 39.320697 39.202236 39.248141 
143.845052 98.752476 106.389033 19.475090 57.203263 57.246065 57.401340 57.668180 58.045044 64.879710 64.629662 64.478777 64.427754 64.476829 64.625773 64.873900 57.319825 57.036643 56.865615 56.807754 56.863406 57.032237 57.313248 7.620000 5.080000 2.540000 0.000000 2.540000 51.108615 50.509165 50.031632 49.679531 49.455542 49.361409 49.397874 43.794242 43.093165 42.532450 42.117704 41.853265 41.741991 41.785106 
145.710560 98.529285 108.898094 18.309768 57.273186 57.203263 57.246065 57.401340 57.668180 67.402681 67.162026 67.016843 66.967754 67.014968 67.158284 67.397088 59.838092 59.566884 59.403141 59.347754 59.401026 59.562665 59.831793 10.160000 7.620000 5.080000 2.540000 0.000000 53.565678 52.994029 52.539086 52.203900 51.990788 51.901253 51.935935 46.221395 45.557684 45.027670 44.636114 44.386682 44.281775 44.322419 
101.618252 103.630654 63.273596 66.457440 65.855848 67.768954 69.722111 71.712046 73.735782 16.082108 17.135253 18.479794 20.057216 21.817062 23.718763 25.730885 9.329468 11.046342 13.034860 15.188703 17.446747 19.773328 22.146855 43.794242 46.221395 48.660069 51.108615 53.565678 0.000000 2.540000 5.080000 7.620000 10.160000 12.700000 15.240000 7.620000 8.032185 9.158100 10.776307 12.700000 14.810618 17.038838 
103.751966 105.723762 62.109172 65.349771 67.577114 69.442817 71.350167 73.295915 75.277083 15.380334 16.082108 17.135253 18.479794 20.057216 21.817062 23.718763 8.059744 9.329468 11.046342 13.034860 15.188703 17.446747 19.773328 43.093165 45.557684 48.030069 50.509165 52.994029 2.540000 0.000000 2.540000 5.080000 7.620000 10.160000 12.700000 8.032185 7.620000 8.032185 9.158100 10.776307 12.700000 14.810618 
105.903611 107.836071 61.028302 64.323378 69.348708 71.167982 73.030290 74.932424 76.871426 15.079071 15.380334 16.082108 17.135253 18.479794 20.057216 21.817062 7.468813 8.059744 9.329468 11.046342 13.034860 15.188703 17.446747 42.532450 45.027670 47.527634 50.031632 52.539086 5.080000 2.540000 0.000000 2.540000 5.080000 7.620000 10.160000 9.158100 8.032185 7.620000 8.032185 9.158100 10.776307 12.700000 
108.072117 109.966476 60.035501 63.382211 71.166869 72.940810 74.758968 76.618197 78.515579 15.202147 15.079071 15.380334 16.082108 17.135253 18.479794 20.057216 7.714276 7.468813 8.059744 9.329468 11.046342 13.034860 15.188703 42.117704 44.636114 47.156841 49.679531 52.203900 7.620000 5.080000 2.540000 0.000000 2.540000 5.080000 7.620000 10.776307 9.158100 8.032185 7.620000 8.032185 9.158100 10.776307 
110.256489 112.113945 59.135203 62.530117 73.028122 74.757909 76.532912 78.350057 80.206480 15.739611 15.202147 15.079071 15.380334 16.082108 17.135253 18.479794 8.725832 7.714276 7.468813 8.059744 9.329468 11.046342 13.034860 41.853265 44.386682 46.920811 49.455542 51.990788 10.160000 7.620000 5.080000 2.540000 0.000000 2.540000 5.080000 12.700000 10.776307 9.158100 8.032185 7.620000 8.032185 9.158100 
112.455802 114.277517 58.331692 61.770783 74.929254 76.616131 78.349047 80.125014 81.941235 16.651386 15.739611 15.202147 15.079071 15.380334 16.082108 17.135253 10.279759 8.725832 7.714276 7.468813 8.059744 9.329468 11.046342 41.741991 44.281775 46.821582 49.361409 51.901253 12.700000 10.160000 7.620000 5.080000 2.540000 0.000000 2.540000 14.810618 12.700000 10.776307 9.158100 8.032185 7.620000 8.032185 
114.669197 116.456293 57.629017 61.107666 76.867306 78.512554 80.204506 81.940269 83.717117 17.880301 16.651386 15.739611 15.202147 15.079071 15.380334 16.082108 12.170043 10.279759 8.725832 7.714276 7.468813 8.059744 9.329468 41.785106 44.322419 46.860024 49.397874 51.935935 15.240000 12.700000 10.160000 7.620000 5.080000 2.540000 0.000000 17.038838 14.810618 12.700000 10.776307 9.158100 8.032185 7.620000 
105.987098 99.467122 70.075272 59.757736 60.394508 62.164503 63.986385 65.855848 67.768954 23.374307 24.111012 25.084394 26.268154 27.635272 29.159968 30.818865 16.082108 17.135253 18.479794 20.057216 21.817062 23.718763 25.730885 36.604775 38.983095 41.380636 43.794242 46.221395 7.620000 8.032185 9.158100 10.776307 12.700000 14.810618 17.038838 0.000000 2.540000 5.080000 7.620000 10.160000 12.700000 15.240000 
108.034560 101.646001 69.025684 58.523400 62.266928 63.985148 65.756605 67.577114 69.442817 22.897133 23.374307 24.111012 25.084394 26.268154 27.635272 29.159968 15.380334 16.082108 17.135253 18.479794 20.057216 21.817062 23.718763 35.763036 38.193808 40.637942 43.093165 45.557684 8.032185 7.620000 8.032185 9.158100 10.776307 12.700000 14.810618 2.540000 0.000000 2.540000 5.080000 7.620000 10.160000 12.700000 
110.102546 103.841292 68.054753 57.375019 64.185257 65.853443 67.575943 69.348708 71.167982 22.695867 22.897133 23.374307 24.111012 25.084394 26.268154 27.635272 15.079071 15.380334 16.082108 17.135253 18.479794 20.057216 21.817062 35.085371 37.560024 40.042861 42.532450 45.027670 9.158100 8.032185 7.620000 8.032185 9.158100 10.776307 12.700000 5.080000 2.540000 0.000000 2.540000 5.080000 7.620000 10.160000 
112.189921 106.051976 67.165893 56.317852 66.145501 67.765449 69.440536 71.166869 72.940810 22.777825 22.695867 22.897133 23.374307 24.111012 25.084394 26.268154 15.202147 15.079071 15.380334 16.082108 17.135253 18.479794 20.057216 34.581424 37.089716 39.602050 42.117704 44.636114 10.776307 9.158100 8.032185 7.620000 8.032185 9.158100 10.776307 7.620000 5.080000 2.540000 0.000000 2.540000 5.080000 7.620000 
114.295622 108.277110 66.362399 55.357125 68.144043 69.717568 71.346839 73.028122 74.757909 23.139995 22.777825 22.695867 22.897133 23.374307 24.111012 25.084394 15.739611 15.202147 15.079071 15.380334 16.082108 17.135253 18.479794 34.258863 36.789154 39.320697 41.853265 44.386682 12.700000 10.776307 9.158100 8.032185 7.620000 8.032185 9.158100 10.160000 7.620000 5.080000 2.540000 0.000000 2.540000 5.080000 
116.418655 110.515821 65.647407 54.497939 70.177610 71.706526 73.291595 74.929254 76.616131 23.769575 23.139995 22.777825 22.695867 22.897133 23.374307 24.111012 16.651386 15.739611 15.202147 15.079071 15.380334 16.082108 17.135253 34.122834 36.662514 39.202236 41.741991 44.281775 14.810618 12.700000 10.776307 9.158100 8.032185 7.620000 8.032185 12.700000 10.160000 7.620000 5.080000 2.540000 0.000000 2.540000 
118.558089 112.767300 65.023837 53.745164 72.243247 73.729340 75.271824 76.867306 78.512554 24.646078 23.769575 23.139995 22.777825 22.695867 22.897133 23.374307 17.880301 16.651386 15.739611 15.202147 15.079071 15.380334 16.082108 34.175562 36.711595 39.248141 41.785106 44.322419 17.038838 14.810618 12.700000 10.776307 9.158100 8.032185 7.620000 15.240000 12.700000 10.160000 7.620000 5.080000 2.540000 0.000000 
