53
# Circuit board instance
Size: large
Nodes: 53
0.000000 140.000000 140.000000 197.989899 143.521565 145.738213 147.965256 150.202232 152.448704 96.332647 97.172922 98.022448 98.880988 100.214050 101.022045 101.839468 102.666093 121.120550 122.022987 122.931919 123.847205 124.760039 125.636336 126.519313 127.408829 101.854875 103.006001 104.206334 105.454195 106.747916 108.085850 109.466377 108.737751 109.816753 110.943423 112.116324 113.334021 114.595086 115.898104 46.577521 48.737645 50.932837 53.158753 55.411688 57.688479 59.986409 51.083048 53.060065 55.083267 57.147750 59.249199 61.383817 63.548263 
140.000000 0.000000 197.989899 140.000000 72.201236 71.714751 71.315467 71.004854 70.784080 92.558145 93.432372 94.315596 95.207569 88.924053 89.833652 90.751907 91.678559 101.584202 102.658520 103.737260 104.820287 98.953674 100.056241 101.162734 102.273027 66.410064 68.162433 69.963141 71.808553 73.695308 75.620314 77.580723 61.042440 62.944421 64.890092 66.875639 68.897615 70.952906 73.038698 121.458010 122.302661 123.193899 124.130720 125.112102 126.137003 127.204371 114.273622 115.170974 116.116963 117.110410 118.150118 119.234877 120.363468 
140.000000 197.989899 0.000000 140.000000 142.920566 145.146393 147.382379 149.628070 151.883034 105.515917 104.597355 103.686211 102.782682 109.071013 108.182640 107.301944 106.429116 101.290530 100.616068 99.953192 99.302134 105.615581 104.968913 104.333696 103.710141 131.651154 129.833151 128.039724 126.271921 124.530833 122.817595 121.133391 137.045647 135.300148 133.580140 131.886621 130.220625 128.583221 126.975514 103.810655 101.347643 98.888526 96.433602 93.983200 91.537682 89.097452 105.908755 103.495686 101.088837 98.688662 96.295660 93.910381 91.533427 
197.989899 140.000000 140.000000 0.000000 70.999064 70.504284 70.098106 69.782074 69.557420 102.081537 101.131786 100.189130 99.253771 98.798366 97.816742 96.841823 95.873813 76.869589 75.978651 75.098621 74.229888 73.358118 72.423995 71.500228 70.587222 106.620389 104.367275 102.127626 99.902347 97.692422 95.498915 93.322984 103.362422 101.036681 98.721501 96.417643 94.125938 91.847295 89.582712 152.837282 151.175155 149.537699 147.925733 146.340099 144.781663 143.251313 147.192552 145.465941 143.763471 142.086012 140.434458 138.809735 137.212795 
143.521565 72.201236 142.920566 70.999064 0.000000 2.540000 5.080000 7.620000 10.160000 52.898712 52.740022 52.611518 52.513423 47.871491 47.696078 47.553946 47.445396 42.216178 42.688004 43.192031 43.727144 37.518187 38.048316 38.612953 39.210608 42.196462 40.714110 39.340047 38.085995 36.964172 35.986944 35.166368 36.411781 34.683067 33.059275 31.556606 30.193151 28.988558 27.963366 104.691360 103.958887 103.283701 102.666930 102.109635 101.612792 101.177294 97.447867 96.660520 95.933981 95.269641 94.668809 94.132701 93.662430 
145.738213 71.714751 145.146393 70.504284 2.540000 0.000000 2.540000 5.080000 7.620000 55.415932 55.264470 55.141850 55.048264 50.383778 50.217141 50.082165 49.979106 44.596594 45.043492 45.521446 46.029486 39.855469 40.354906 40.887703 41.452574 44.248416 42.837130 41.533363 40.347540 39.290341 38.372400 37.603915 38.268644 36.627673 35.093974 33.682202 32.408297 31.289101 30.341740 107.117469 106.401698 105.742110 105.139762 104.595643 104.110666 103.685660 99.856138 99.087929 98.379318 97.731601 97.145998 96.623636 96.165546 
147.965256 71.315467 147.382379 70.098106 5.080000 2.540000 0.000000 2.540000 5.080000 57.935141 57.790282 57.673032 57.583560 52.898712 52.740022 52.611518 52.513423 46.993721 47.418033 47.872285 48.355634 42.216178 42.688004 43.192031 43.727144 46.348748 45.003376 43.764191 42.640452 41.641506 40.776528 40.054195 40.200294 38.641442 37.190880 35.861752 34.668029 33.624134 32.744400 109.548740 108.848958 108.204289 107.615723 107.084186 106.610529 106.195529 102.270783 101.520847 100.829336 100.197458 99.626350 99.117060 98.670548 
150.202232 71.004854 149.628070 69.782074 7.620000 5.080000 2.540000 0.000000 2.540000 60.456089 60.317285 60.204957 60.119254 55.415932 55.264470 55.141850 55.048264 49.405128 49.808902 50.241542 50.702309 44.596594 45.043492 45.521446 46.029486 48.491173 47.206897 46.027076 44.959932 44.013662 43.196210 42.515008 42.196462 40.714110 39.340047 38.085995 36.964172 35.986944 35.166368 111.984838 111.300374 110.669986 110.094602 109.575090 109.112247 108.706797 104.691360 103.958887 103.283701 102.666930 102.109635 101.612792 101.177294 
152.448704 70.784080 151.883034 69.557420 10.160000 7.620000 5.080000 2.540000 0.000000 62.978569 62.845337 62.737535 62.655296 57.935141 57.790282 57.673032 57.583560 51.828822 52.213857 52.626729 53.066790 46.993721 47.418033 47.872285 48.355634 50.670350 49.442711 48.317515 47.302072 46.403588 45.628972 44.984624 44.248416 42.837130 41.533363 40.347540 39.290341 38.372400 37.603915 114.425454 113.755676 113.138970 112.576206 112.068198 111.615694 111.219371 107.117469 106.401698 105.742110 105.139762 104.595643 104.110666 103.685660 
96.332647 92.558145 105.515917 102.081537 52.898712 55.415932 57.935141 60.456089 62.978569 0.000000 1.270000 2.540000 3.810000 5.080000 5.236344 5.679613 6.350000 25.870647 26.976418 28.096079 29.228035 28.759337 29.757960 30.776594 31.813316 26.153296 24.450884 22.904142 21.546622 20.416105 19.552006 18.990728 32.060442 30.687501 29.469929 28.427697 27.580688 26.947318 26.542885 53.258876 52.157747 51.159130 50.269134 49.493617 48.838036 48.307272 46.593072 45.330312 44.177632 43.143856 42.237717 41.467581 40.841144 
97.172922 93.432372 104.597355 101.131786 52.740022 55.264470 57.790282 60.317285 62.845337 1.270000 0.000000 1.270000 2.540000 5.236344 5.080000 5.236344 5.679613 24.780626 25.870647 26.976418 28.096079 27.782882 28.759337 29.757960 30.776594 27.053802 25.284529 23.656074 22.199446 20.950519 19.948339 19.231522 32.799165 31.355772 30.058058 28.925636 27.978585 27.236249 26.715697 53.845939 52.695885 51.645239 50.700180 49.866713 49.150514 48.556773 47.263005 45.948480 44.739661 43.645330 42.674297 41.835148 41.135955 
98.022448 94.315596 103.686211 100.189130 52.611518 55.141850 57.673032 60.204957 62.737535 2.540000 1.270000 0.000000 1.270000 5.679613 5.236344 5.080000 5.236344 23.708528 24.780626 25.870647 26.976418 26.831015 27.782882 28.759337 29.757960 27.982982 26.153296 24.450884 22.904142 21.546622 20.416105 19.552006 33.569693 32.060442 30.687501 29.469929 28.427697 27.580688 26.947318 54.456297 53.258876 52.157747 51.159130 50.269134 49.493617 48.838036 47.957218 46.593072 45.330312 44.177632 43.143856 42.237717 41.467581 
98.880988 95.207569 102.782682 99.253771 52.513423 55.048264 57.583560 60.119254 62.655296 3.810000 2.540000 1.270000 0.000000 6.350000 5.679613 5.236344 5.080000 22.656896 23.708528 24.780626 25.870647 25.906447 26.831015 27.782882 28.759337 28.938075 27.053802 25.284529 23.656074 22.199446 20.950519 19.948339 34.369888 32.799165 31.355772 30.058058 28.925636 27.978585 27.236249 55.089174 53.845939 52.695885 51.645239 50.700180 49.866713 49.150514 48.674672 47.263005 45.948480 44.739661 43.645330 42.674297 41.835148 
100.214050 88.924053 109.071013 98.798366 47.871491 50.383778 52.898712 55.415932 57.935141 5.080000 5.236344 5.679613 6.350000 0.000000 1.270000 2.540000 3.810000 23.729604 24.930521 26.137969 27.351083 25.870647 26.976418 28.096079 29.228035 22.787268 20.811304 18.970092 17.306692 15.877090 14.749427 13.996871 28.030651 26.449351 25.026430 23.790321 22.771469 22.000077 21.502795 57.833838 56.821436 55.906185 55.092928 54.386240 53.790322 53.308888 51.007256 49.856423 48.810746 47.877115 47.062198 46.372255 45.812933 
101.022045 89.833652 108.182640 97.816742 47.696078 50.217141 52.740022 55.264470 57.790282 5.236344 5.080000 5.236344 5.679613 1.270000 0.000000 1.270000 2.540000 22.536263 23.729604 24.930521 26.137969 24.780626 25.870647 26.976418 28.096079 23.815391 21.784675 19.871449 18.112981 16.558650 15.270916 14.321875 28.872663 27.221864 25.716382 24.383148 23.251811 22.353047 21.715753 58.374910 57.315803 56.351359 55.486514 54.725991 54.074190 53.535084 51.619933 50.419130 49.320006 48.329500 47.454414 46.701235 46.075943 
101.839468 90.751907 107.301944 96.841823 47.553946 50.082165 52.611518 55.141850 57.673032 5.679613 5.236344 5.080000 5.236344 2.540000 1.270000 0.000000 1.270000 21.351768 22.536263 23.729604 24.930521 23.708528 24.780626 25.870647 26.976418 24.865879 22.787268 20.811304 18.970092 17.306692 15.877090 14.749427 29.745080 28.030651 26.449351 25.026430 23.790321 22.771469 22.000077 58.938385 57.833838 56.821436 55.906185 55.092928 54.386240 53.790322 52.256297 51.007256 49.856423 48.810746 47.877115 47.062198 46.372255 
102.666093 91.678559 106.429116 95.873813 47.445396 49.979106 52.513423 55.048264 57.583560 6.350000 5.679613 5.236344 5.080000 3.810000 2.540000 1.270000 0.000000 20.177677 21.351768 22.536263 23.729604 22.656896 23.708528 24.780626 25.870647 25.936015 23.815391 21.784675 19.871449 18.112981 16.558650 15.270916 30.645304 28.872663 27.221864 25.716382 24.383148 23.251811 22.353047 59.523627 58.374910 57.315803 56.351359 55.486514 54.725991 54.074190 52.915494 51.619933 50.419130 49.320006 48.329500 47.454414 46.701235 
121.120550 101.584202 101.290530 76.869589 42.216178 44.596594 46.993721 49.405128 51.828822 25.870647 24.780626 23.708528 22.656896 23.729604 22.536263 21.351768 20.177677 0.000000 1.270000 2.540000 3.810000 5.080000 5.236344 5.679613 6.350000 41.006893 38.493744 35.984367 33.479608 30.980589 28.488819 26.006382 42.748547 40.344038 37.957182 35.591532 33.251615 30.943267 28.674116 76.281460 74.760526 73.296074 71.891557 70.550554 69.276753 68.073928 70.393633 68.742554 67.146981 65.610963 64.138781 62.734927 61.404089 
122.022987 102.658520 100.616068 75.978651 42.688004 45.043492 47.418033 49.808902 52.213857 26.976418 25.870647 24.780626 23.708528 24.930521 23.729604 22.536263 21.351768 1.270000 0.000000 1.270000 2.540000 5.236344 5.080000 5.236344 5.679613 42.264671 39.749892 37.238537 34.731348 32.229298 29.733684 27.246274 43.956517 41.544277 39.148201 36.771450 34.418028 32.093067 29.803229 77.062068 75.514143 74.021027 72.586103 71.212888 69.905019 68.666230 71.238787 69.561399 67.937581 66.371265 64.866616 63.428024 62.060081 
122.931919 103.737260 99.953192 75.098621 43.192031 45.521446 47.872285 50.241542 52.626729 28.096079 26.976418 25.870647 24.780626 26.137969 24.930521 23.729604 22.536263 2.540000 1.270000 0.000000 1.270000 5.679613 5.236344 5.080000 5.236344 43.523159 41.006893 38.493744 35.984367 33.479608 30.980589 28.488819 45.167891 42.748547 40.344038 37.957182 35.591532 33.251615 30.943267 77.855566 76.281460 74.760526 73.296074 71.891557 70.550554 69.276753 72.096406 70.393633 68.742554 67.146981 65.610963 64.138781 62.734927 
123.847205 104.820287 99.302134 74.229888 43.727144 46.029486 48.355634 50.702309 53.066790 29.228035 28.096079 26.976418 25.870647 27.351083 26.137969 24.930521 23.729604 3.810000 2.540000 1.270000 0.000000 6.350000 5.679613 5.236344 5.080000 44.782297 42.264671 39.749892 37.238537 34.731348 32.229298 29.733684 46.382401 43.956517 41.544277 39.148201 36.771450 34.418028 32.093067 78.661566 77.062068 75.514143 74.021027 72.586103 71.212888 69.905019 72.966050 71.238787 69.561399 67.937581 66.371265 64.866616 63.428024 
124.760039 98.953674 105.615581 73.358118 37.518187 39.855469 42.216178 44.596594 46.993721 28.759337 27.782882 26.831015 25.906447 25.870647 24.780626 23.708528 22.656896 5.080000 5.236344 5.679613 6.350000 0.000000 1.270000 2.540000 3.810000 40.605820 38.066201 35.526638 32.987142 30.447729 27.908424 25.369258 41.440154 38.954968 36.477333 34.008901 31.551831 29.109001 26.684322 80.368581 78.926446 77.540713 76.214458 74.950839 73.753076 72.624426 74.283861 72.721160 71.214784 69.768381 68.385756 67.070855 65.827734 
125.636336 100.056241 104.968913 72.423995 38.048316 40.354906 42.688004 45.043492 47.418033 29.757960 28.759337 27.782882 26.831015 26.976418 25.870647 24.780626 23.708528 5.236344 5.080000 5.236344 5.679613 1.270000 0.000000 1.270000 2.540000 41.875646 39.336004 36.796412 34.256880 31.717424 29.178062 26.638821 42.685168 40.196704 37.715113 35.241845 32.778785 30.328420 27.894096 81.109863 79.640652 78.226339 76.869955 75.574619 74.343523 73.179907 75.085240 73.495692 71.960707 70.483851 69.068853 67.719589 66.440064 
126.519313 101.162734 104.333696 71.500228 38.612953 40.887703 43.192031 45.521446 47.872285 30.776594 29.757960 28.759337 27.782882 28.096079 26.976418 25.870647 24.780626 5.679613 5.236344 5.080000 5.236344 2.540000 1.270000 0.000000 1.270000 43.145483 40.605820 38.066201 35.526638 32.987142 30.447729 27.908424 43.931611 41.440154 38.954968 36.477333 34.008901 31.551831 29.109001 81.864137 80.368581 78.926446 77.540713 76.214458 74.950839 73.753076 75.899408 74.283861 72.721160 71.214784 69.768381 68.385756 67.070855 
127.408829 102.273027 103.710141 70.587222 39.210608 41.452574 43.727144 46.029486 48.355634 31.813316 30.776594 29.757960 28.759337 29.228035 28.096079 26.976418 25.870647 6.350000 5.679613 5.236344 5.080000 3.810000 2.540000 1.270000 0.000000 44.415329 41.875646 39.336004 36.796412 34.256880 31.717424 29.178062 45.179367 42.685168 40.196704 37.715113 35.241845 32.778785 30.328420 82.631045 81.109863 79.640652 78.226339 76.869955 75.574619 74.343523 76.725960 75.085240 73.495692 71.960707 70.483851 69.068853 67.719589 
101.854875 66.410064 131.651154 106.620389 42.196462 44.248416 46.348748 48.491173 50.670350 26.153296 27.053802 27.982982 28.938075 22.787268 23.815391 24.865879 25.936015 41.006893 42.264671 43.523159 44.782297 40.605820 41.875646 43.145483 44.415329 0.000000 2.540000 5.080000 7.620000 10.160000 12.700000 15.240000 7.620000 8.032185 9.158100 10.776307 12.700000 14.810618 17.038838 66.499698 66.322947 66.243189 66.260774 66.375623 66.587234 66.894688 58.913527 58.713945 58.623835 58.643704 58.773440 59.012317 59.359019 
103.006001 68.162433 129.833151 104.367275 40.714110 42.837130 45.003376 47.206897 49.442711 24.450884 25.284529 26.153296 27.053802 20.811304 21.784675 22.787268 23.815391 38.493744 39.749892 41.006893 42.264671 38.066201 39.336004 40.605820 41.875646 2.540000 0.000000 2.540000 5.080000 7.620000 10.160000 12.700000 8.032185 7.620000 8.032185 9.158100 10.776307 12.700000 14.810618 66.772670 66.499698 66.322947 66.243189 66.260774 66.375623 66.587234 59.221477 58.913527 58.713945 58.623835 58.643704 58.773440 59.012317 
104.206334 69.963141 128.039724 102.127626 39.340047 41.533363 43.764191 46.027076 48.317515 22.904142 23.656074 24.450884 25.284529 18.970092 19.871449 20.811304 21.784675 35.984367 37.238537 38.493744 39.749892 35.526638 36.796412 38.066201 39.336004 5.080000 2.540000 0.000000 2.540000 5.080000 7.620000 10.160000 9.158100 8.032185 7.620000 8.032185 9.158100 10.776307 12.700000 67.140690 66.772670 66.499698 66.322947 66.243189 66.260774 66.375623 59.636114 59.221477 58.913527 58.713945 58.623835 58.643704 58.773440 
105.454195 71.808553 126.271921 99.902347 38.085995 40.347540 42.640452 44.959932 47.302072 21.546622 22.199446 22.904142 23.656074 17.306692 18.112981 18.970092 19.871449 33.479608 34.731348 35.984367 37.238537 32.987142 34.256880 35.526638 36.796412 7.620000 5.080000 2.540000 0.000000 2.540000 5.080000 7.620000 10.776307 9.158100 8.032185 7.620000 8.032185 9.158100 10.776307 67.602206 67.140690 66.772670 66.499698 66.322947 66.243189 66.260774 60.155234 59.636114 59.221477 58.913527 58.713945 58.623835 58.643704 
106.747916 73.695308 124.530833 97.692422 36.964172 39.290341 41.641506 44.013662 46.403588 20.416105 20.950519 21.546622 22.199446 15.877090 16.558650 17.306692 18.112981 30.980589 32.229298 33.479608 34.731348 30.447729 31.717424 32.987142 34.256880 10.160000 7.620000 5.080000 2.540000 0.000000 2.540000 5.080000 12.700000 10.776307 9.158100 8.032185 7.620000 8.032185 9.158100 68.155319 67.602206 67.140690 66.772670 66.499698 66.322947 66.243189 60.776158 60.155234 59.636114 59.221477 58.913527 58.713945 58.623835 
108.085850 75.620314 122.817595 95.498915 35.986944 38.372400 40.776528 43.196210 45.628972 19.552006 19.948339 20.416105 20.950519 14.749427 15.270916 15.877090 16.558650 28.488819 29.733684 30.980589 32.229298 27.908424 29.178062 30.447729 31.717424 12.700000 10.160000 7.620000 5.080000 2.540000 0.000000 2.540000 14.810618 12.700000 10.776307 9.158100 8.032185 7.620000 8.032185 68.797819 68.155319 67.602206 67.140690 66.772670 66.499698 66.322947 61.495803 60.776158 60.155234 59.636114 59.221477 58.913527 58.713945 
109.466377 77.580723 121.133391 93.322984 35.166368 37.603915 40.054195 42.515008 44.984624 18.990728 19.231522 19.552006 19.948339 13.996871 14.321875 14.749427 15.270916 26.006382 27.246274 28.488819 29.733684 25.369258 26.638821 27.908424 29.178062 15.240000 12.700000 10.160000 7.620000 5.080000 2.540000 0.000000 17.038838 14.810618 12.700000 10.776307 9.158100 8.032185 7.620000 69.527228 68.797819 68.155319 67.602206 67.140690 66.772670 66.499698 62.310749 61.495803 60.776158 60.155234 59.636114 59.221477 58.913527 
108.737751 61.042440 137.045647 103.362422 36.411781 38.268644 40.200294 42.196462 44.248416 32.060442 32.799165 33.569693 34.369888 28.030651 28.872663 29.745080 30.645304 42.748547 43.956517 45.167891 46.382401 41.440154 42.685168 43.931611 45.179367 7.620000 8.032185 9.158100 10.776307 12.700000 14.810618 17.038838 0.000000 2.540000 5.080000 7.620000 10.160000 12.700000 15.240000 74.092811 73.934216 73.862677 73.878448 73.981472 74.171386 74.447526 66.499698 66.322947 66.243189 66.260774 66.375623 66.587234 66.894688 
109.816753 62.944421 135.300148 101.036681 34.683067 36.627673 38.641442 40.714110 42.837130 30.687501 31.355772 32.060442 32.799165 26.449351 27.221864 28.030651 28.872663 40.344038 41.544277 42.748547 43.956517 38.954968 40.196704 41.440154 42.685168 8.032185 7.620000 8.032185 9.158100 10.776307 12.700000 14.810618 2.540000 0.000000 2.540000 5.080000 7.620000 10.160000 12.700000 74.337906 74.092811 73.934216 73.862677 73.878448 73.981472 74.171386 66.772670 66.499698 66.322947 66.243189 66.260774 66.375623 66.587234 
110.943423 64.890092 133.580140 98.721501 33.059275 35.093974 37.190880 39.340047 41.533363 29.469929 30.058058 30.687501 31.355772 25.026430 25.716382 26.449351 27.221864 37.957182 39.148201 40.344038 41.544277 36.477333 37.715113 38.954968 40.196704 9.158100 8.032185 7.620000 8.032185 9.158100 10.776307 12.700000 5.080000 2.540000 0.000000 2.540000 5.080000 7.620000 10.160000 74.668649 74.337906 74.092811 73.934216 73.862677 73.878448 73.981472 67.140690 66.772670 66.499698 66.322947 66.243189 66.260774 66.375623 
112.116324 66.875639 131.886621 96.417643 31.556606 33.682202 35.861752 38.085995 40.347540 28.427697 28.925636 29.469929 30.058058 23.790321 24.383148 25.026430 25.716382 35.591532 36.771450 37.957182 39.148201 34.008901 35.241845 36.477333 37.715113 10.776307 9.158100 8.032185 7.620000 8.032185 9.158100 10.776307 7.620000 5.080000 2.540000 0.000000 2.540000 5.080000 7.620000 75.083907 74.668649 74.337906 74.092811 73.934216 73.862677 73.878448 67.602206 67.140690 66.772670 66.499698 66.322947 66.243189 66.260774 
113.334021 68.897615 130.220625 94.125938 30.193151 32.408297 34.668029 36.964172 39.290341 27.580688 27.978585 28.427697 28.925636 22.771469 23.251811 23.790321 24.383148 33.251615 34.418028 35.591532 36.771450 31.551831 32.778785 34.008901 35.241845 12.700000 10.776307 9.158100 8.032185 7.620000 8.032185 9.158100 10.160000 7.620000 5.080000 2.540000 0.000000 2.540000 5.080000 75.582289 75.083907 74.668649 74.337906 74.092811 73.934216 73.862677 68.155319 67.602206 67.140690 66.772670 66.499698 66.322947 66.243189 
114.595086 70.952906 128.583221 91.847295 28.988558 31.289101 33.624134 35.986944 38.372400 26.947318 27.236249 27.580688 27.978585 22.000077 22.353047 22.771469 23.251811 30.943267 32.093067 33.251615 34.418028 29.109001 30.328420 31.551831 32.778785 14.810618 12.700000 10.776307 9.158100 8.032185 7.620000 8.032185 12.700000 10.160000 7.620000 5.080000 2.540000 0.000000 2.540000 76.162161 75.582289 75.083907 74.668649 74.337906 74.092811 73.934216 68.797819 68.155319 67.602206 67.140690 66.772670 66.499698 66.322947 
115.898104 73.038698 126.975514 89.582712 27.963366 30.341740 32.744400 35.166368 37.603915 26.542885 26.715697 26.947318 27.236249 21.502795 21.715753 22.000077 22.353047 28.674116 29.803229 30.943267 32.093067 26.684322 27.894096 29.109001 30.328420 17.038838 14.810618 12.700000 10.776307 9.158100 8.032185 7.620000 15.240000 12.700000 10.160000 7.620000 5.080000 2.540000 0.000000 76.821679 76.162161 75.582289 75.083907 74.668649 74.337906 74.092811 69.527228 68.797819 68.155319 67.602206 67.140690 66.772670 66.499698 
46.577521 121.458010 103.810655 152.837282 104.691360 107.117469 109.548740 111.984838 114.425454 53.258876 53.845939 54.456297 55.089174 57.833838 58.374910 58.938385 59.523627 76.281460 77.062068 77.855566 78.661566 80.368581 81.109863 81.864137 82.631045 66.499698 66.772670 67.140690 67.602206 68.155319 68.797819 69.527228 74.092811 74.337906 74.668649 75.083907 75.582289 76.162161 76.821679 0.000000 2.540000 5.080000 7.620000 10.160000 12.700000 15.240000 7.620000 8.032185 9.158100 10.776307 12.700000 14.810618 17.038838 
48.737645 122.302661 101.347643 151.175155 103.958887 106.401698 108.848958 111.300374 113.755676 52.157747 52.695885 53.258876 53.845939 56.821436 57.315803 57.833838 58.374910 74.760526 75.514143 76.281460 77.062068 78.926446 79.640652 80.368581 81.109863 66.322947 66.499698 66.772670 67.140690 67.602206 68.155319 68.797819 73.934216 74.092811 74.337906 74.668649 75.083907 75.582289 76.162161 2.540000 0.000000 2.540000 5.080000 7.620000 10.160000 12.700000 8.032185 7.620000 8.032185 9.158100 10.776307 12.700000 14.810618 
50.932837 123.193899 98.888526 149.537699 103.283701 105.742110 108.204289 110.669986 113.138970 51.159130 51.645239 52.157747 52.695885 55.906185 56.351359 56.821436 57.315803 73.296074 74.021027 74.760526 75.514143 77.540713 78.226339 78.926446 79.640652 66.243189 66.322947 66.499698 66.772670 67.140690 67.602206 68.155319 73.862677 73.934216 74.092811 74.337906 74.668649 75.083907 75.582289 5.080000 2.540000 0.000000 2.540000 5.080000 7.620000 10.160000 9.158100 8.032185 7.620000 8.032185 9.158100 10.776307 12.700000 
53.158753 124.130720 96.433602 147.925733 102.666930 105.139762 107.615723 110.094602 112.576206 50.269134 50.700180 51.159130 51.645239 55.092928 55.486514 55.906185 56.351359 71.891557 72.586103 73.296074 74.021027 76.214458 76.869955 77.540713 78.226339 66.260774 66.243189 66.322947 66.499698 66.772670 67.140690 67.602206 73.878448 73.862677 73.934216 74.092811 74.337906 74.668649 75.083907 7.620000 5.080000 2.540000 0.000000 2.540000 5.080000 7.620000 10.776307 9.158100 8.032185 7.620000 8.032185 9.158100 10.776307 
55.411688 125.112102 93.983200 146.340099 102.109635 104.595643 107.084186 109.575090 112.068198 49.493617 49.866713 50.269134 50.700180 54.386240 54.725991 55.092928 55.486514 70.550554 71.212888 71.891557 72.586103 74.950839 75.574619 76.214458 76.869955 66.375623 66.260774 66.243189 66.322947 66.499698 66.772670 67.140690 73.981472 73.878448 73.862677 73.934216 74.092811 74.337906 74.668649 10.160000 7.620000 5.080000 2.540000 0.000000 2.540000 5.080000 12.700000 10.776307 9.158100 8.032185 7.620000 8.032185 9.158100 
57.688479 126.137003 91.537682 144.781663 101.612792 104.110666 106.610529 109.112247 111.615694 48.838036 49.150514 49.493617 49.866713 53.790322 54.074190 54.386240 54.725991 69.276753 69.905019 70.550554 71.212888 73.753076 74.343523 74.950839 75.574619 66.587234 66.375623 66.260774 66.243189 66.322947 66.499698 66.772670 74.171386 73.981472 73.878448 73.862677 73.934216 74.092811 74.337906 12.700000 10.160000 7.620000 5.080000 2.540000 0.000000 2.540000 14.810618 12.700000 10.776307 9.158100 8.032185 7.620000 8.032185 
59.986409 127.204371 89.097452 143.251313 101.177294 103.685660 106.195529 108.706797 111.219371 48.307272 48.556773 48.838036 49.150514 53.308888 53.535084 53.790322 54.074190 68.073928 68.666230 69.276753 69.905019 72.624426 73.179907 73.753076 74.343523 66.894688 66.587234 66.375623 66.260774 66.243189 66.322947 66.499698 74.447526 74.171386 73.981472 73.878448 73.862677 73.934216 74.092811 15.240000 12.700000 10.160000 7.620000 5.080000 2.540000 0.000000 17.038838 14.810618 12.700000 10.776307 9.158100 8.032185 7.620000 
51.083048 114.273622 105.908755 147.192552 97.447867 99.856138 102.270783 104.691360 107.117469 46.593072 47.263005 47.957218 48.674672 51.007256 51.619933 52.256297 52.915494 70.393633 71.238787 72.096406 72.966050 74.283861 75.085240 75.899408 76.725960 58.913527 59.221477 59.636114 60.155234 60.776158 61.495803 62.310749 66.499698 66.772670 67.140690 67.602206 68.155319 68.797819 69.527228 7.620000 8.032185 9.158100 10.776307 12.700000 14.810618 17.038838 0.000000 2.540000 5.080000 7.620000 10.160000 12.700000 15.240000 
53.060065 115.170974 103.495686 145.465941 96.660520 99.087929 101.520847 103.958887 106.401698 45.330312 45.948480 46.593072 47.263005 49.856423 50.419130 51.007256 51.619933 68.742554 69.561399 70.393633 71.238787 72.721160 73.495692 74.283861 75.085240 58.713945 58.913527 59.221477 59.636114 60.155234 60.776158 61.495803 66.322947 66.499698 66.772670 67.140690 67.602206 68.155319 68.797819 8.032185 7.620000 8.032185 9.158100 10.776307 12.700000 14.810618 2.540000 0.000000 2.540000 5.080000 7.620000 10.160000 12.700000 
55.083267 116.116963 101.088837 143.763471 95.933981 98.379318 100.829336 103.283701 105.742110 44.177632 44.739661 45.330312 45.948480 48.810746 49.320006 49.856423 50.419130 67.146981 67.937581 68.742554 69.561399 71.214784 71.960707 72.721160 73.495692 58.623835 58.713945 58.913527 59.221477 59.636114 60.155234 60.776158 66.243189 66.322947 66.499698 66.772670 67.140690 67.602206 68.155319 9.158100 8.032185 7.620000 8.032185 9.158100 10.776307 12.700000 5.080000 2.540000 0.000000 2.540000 5.080000 7.620000 10.160000 
57.147750 117.110410 98.688662 142.086012 95.269641 97.731601 100.197458 102.666930 105.139762 43.143856 43.645330 44.177632 44.739661 47.877115 48.329500 48.810746 49.320006 65.610963 66.371265 67.146981 67.937581 69.768381 70.483851 71.214784 71.960707 58.643704 58.623835 58.713945 58.913527 59.221477 59.636114 60.155234 66.260774 66.243189 66.322947 66.499698 66.772670 67.140690 67.602206 10.776307 9.158100 8.032185 7.620000 8.032185 9.158100 10.776307 7.620000 5.080000 2.540000 0.000000 2.540000 5.080000 7.620000 
59.249199 118.150118 96.295660 140.434458 94.668809 97.145998 99.626350 102.109635 104.595643 42.237717 42.674297 43.143856 43.645330 47.062198 47.454414 47.877115 48.329500 64.138781 64.866616 65.610963 66.371265 68.385756 69.068853 69.768381 70.483851 58.773440 58.643704 58.623835 58.713945 58.913527 59.221477 59.636114 66.375623 66.260774 66.243189 66.322947 66.499698 66.772670 67.140690 12.700000 10.776307 9.158100 8.032185 7.620000 8.032185 9.158100 10.160000 7.620000 5.080000 2.540000 0.000000 2.540000 5.080000 
61.383817 119.234877 93.910381 138.809735 94.132701 96.623636 99.117060 101.612792 104.110666 41.467581 41.835148 42.237717 42.674297 46.372255 46.701235 47.062198 47.454414 62.734927 63.428024 64.138781 64.866616 67.070855 67.719589 68.385756 69.068853 59.012317 58.773440 58.643704 58.623835 58.713945 58.913527 59.221477 66.587234 66.375623 66.260774 66.243189 66.322947 66.499698 66.772670 14.810618 12.700000 10.776307 9.158100 8.032185 7.620000 8.032185 12.700000 10.160000 7.620000 5.080000 2.540000 0.000000 2.540000 
63.548263 120.363468 91.533427 137.212795 93.662430 96.165546 98.670548 101.177294 103.685660 40.841144 41.135955 41.467581 41.835148 45.812933 46.075943 46.372255 46.701235 61.404089 62.060081 62.734927 63.428024 65.827734 66.440064 67.070855 67.719589 59.359019 59.012317 58.773440 58.643704 58.623835 58.713945 58.913527 66.894688 66.587234 66.375623 66.260774 66.243189 66.322947 66.499698 17.038838 14.810618 12.700000 10.776307 9.158100 8.032185 7.620000 15.240000 12.700000 10.160000 7.620000 5.080000 2.540000 0.000000 
