36
# Circuit board instance
Size: large
Nodes: 36
0.000000 115.000000 115.000000 162.634560 127.683856 129.171552 130.691682 132.243127 133.824799 61.034510 61.860099 62.777667 63.783245 64.872740 66.041999 67.286864 68.327855 69.066317 69.889340 70.793973 71.777132 72.835637 73.966252 98.054288 100.166903 102.298958 104.449263 106.616712 92.709418 92.788659 92.885200 92.998985 97.781975 97.857109 97.948654 98.056563 
115.000000 0.000000 162.634560 115.000000 111.890303 110.983614 110.128055 109.324825 108.575088 59.896362 60.737424 61.671698 62.695017 63.803097 64.991603 66.256207 52.711085 53.664877 54.720039 55.870829 57.111466 58.436229 59.839529 64.590271 63.296669 62.080082 60.945124 59.896435 23.017855 23.334970 23.715941 24.157745 18.102489 18.504035 18.982211 19.531389 
115.000000 162.634560 0.000000 115.000000 74.751650 77.265334 79.780684 82.297549 84.815794 112.466125 110.299092 108.148294 106.014717 103.899424 101.803554 99.728331 116.585221 114.496175 112.425699 110.374837 108.344703 106.336485 104.351447 100.922697 102.976483 105.051532 107.146610 109.260563 143.649072 142.680255 141.716195 140.756992 146.973924 146.027167 145.085349 144.148567 
162.634560 115.000000 115.000000 0.000000 42.474486 40.025049 37.587636 35.164746 32.759603 111.852546 109.673390 107.510075 105.363576 103.234941 101.125300 99.035866 108.175212 105.920427 103.678834 101.451306 99.238790 97.042314 94.862992 68.866905 67.655124 66.518299 65.460337 64.485118 112.115304 110.871279 109.627850 108.385038 111.210251 109.955987 108.702089 107.448568 
127.683856 111.890303 74.751650 42.474486 0.000000 2.540000 5.080000 7.620000 10.160000 86.845091 84.349041 81.855694 79.365306 76.878165 74.394596 71.914968 85.781939 83.254021 80.726860 78.200532 75.675119 73.150716 70.627431 49.597339 50.029893 50.586437 51.262931 52.054701 100.672441 99.424619 98.177365 96.930702 101.734345 100.499708 99.265963 98.033145 
129.171552 110.983614 77.265334 40.025049 2.540000 0.000000 2.540000 5.080000 7.620000 87.344447 84.863085 82.385298 79.911417 77.441816 74.976920 72.517207 86.062850 83.543432 81.025298 78.508574 75.993398 73.479931 70.968352 49.292039 49.597339 50.029893 50.586437 51.262931 100.233862 98.980510 97.727589 96.475114 101.172907 99.931334 98.690484 97.450385 
130.691682 110.128055 79.780684 37.587636 5.080000 2.540000 0.000000 2.540000 5.080000 87.914381 85.449571 82.989295 80.533970 78.084062 75.640097 73.202672 86.417535 83.908767 81.401936 78.897227 76.394848 73.895037 71.398062 49.116366 49.292039 49.597339 50.029893 50.586437 99.857983 98.599854 97.342033 96.084532 100.672441 99.424619 98.177365 96.930702 
132.243127 109.324825 82.297549 35.164746 7.620000 5.080000 2.540000 0.000000 2.540000 88.553528 86.107016 83.666075 81.231209 78.802981 76.382023 73.969049 86.845091 84.349041 81.855694 79.365306 76.878165 74.394596 71.914968 49.071711 49.116366 49.292039 49.597339 50.029893 99.545516 98.283387 97.021463 95.759753 100.233862 98.980510 97.727589 96.475114 
133.824799 108.575088 84.815794 32.759603 10.160000 7.620000 5.080000 2.540000 0.000000 89.260403 86.833809 84.413887 82.001229 79.596495 77.200425 74.813852 87.344447 84.863085 82.385298 79.911417 77.441816 74.976920 72.517207 49.158432 49.071711 49.116366 49.292039 49.597339 99.297059 98.031731 96.766526 95.501448 99.857983 98.599854 97.342033 96.084532 
61.034510 59.896362 112.466125 111.852546 86.845091 87.344447 87.914381 88.553528 89.260403 0.000000 2.540000 5.080000 7.620000 10.160000 12.700000 15.240000 7.620000 8.032185 9.158100 10.776307 12.700000 14.810618 17.038838 43.021782 44.435334 45.945917 47.544284 49.221882 37.035641 36.590074 36.183616 35.817600 41.804751 41.410530 41.051828 40.729583 
61.860099 60.737424 110.299092 109.673390 84.349041 84.863085 85.449571 86.107016 86.833809 2.540000 0.000000 2.540000 5.080000 7.620000 10.160000 12.700000 8.032185 7.620000 8.032185 9.158100 10.776307 12.700000 14.810618 40.900370 42.384732 43.965826 45.633600 47.378901 38.038488 37.518925 37.035641 36.590074 42.695727 42.233497 41.804751 41.410530 
62.777667 61.671698 108.148294 107.510075 81.855694 82.385298 82.989295 83.666075 84.413887 5.080000 2.540000 0.000000 2.540000 5.080000 7.620000 10.160000 9.158100 8.032185 7.620000 8.032185 9.158100 10.776307 12.700000 38.829242 40.389791 42.045970 43.786929 45.602960 39.180577 38.592865 38.038488 37.518925 43.716314 43.190366 42.695727 42.233497 
63.783245 62.695017 106.014717 105.363576 79.365306 79.911417 80.533970 81.231209 82.001229 7.620000 5.080000 2.540000 0.000000 2.540000 5.080000 7.620000 10.776307 9.158100 8.032185 7.620000 8.032185 9.158100 10.776307 36.816884 38.459175 40.194981 42.012714 43.902197 40.450116 39.800149 39.180577 38.592865 44.857668 44.272456 43.716314 43.190366 
64.872740 63.803097 103.899424 103.234941 76.878165 77.441816 78.084062 78.802981 79.596495 10.160000 7.620000 5.080000 2.540000 0.000000 2.540000 5.080000 12.700000 10.776307 9.158100 8.032185 7.620000 8.032185 9.158100 34.873473 36.603064 38.422814 40.320519 42.285683 41.835503 41.129037 40.450116 39.800149 46.110821 45.470828 44.857668 44.272456 
66.041999 64.991603 101.803554 101.125300 74.394596 74.976920 75.640097 76.382023 77.200425 12.700000 10.160000 7.620000 5.080000 2.540000 0.000000 2.540000 14.810618 12.700000 10.776307 9.158100 8.032185 7.620000 8.032185 33.011186 34.833369 36.740876 38.721100 40.763444 43.325627 42.568142 41.835503 41.129037 47.466920 46.776546 46.110821 45.470828 
67.286864 66.256207 99.728331 99.035866 71.914968 72.517207 73.202672 73.969049 74.813852 15.240000 12.700000 10.160000 7.620000 5.080000 2.540000 0.000000 17.038838 14.810618 12.700000 10.776307 9.158100 8.032185 7.620000 31.244535 33.163928 35.162118 37.226417 39.346421 44.910064 44.106677 43.325627 42.568142 48.917403 48.180883 47.466920 46.776546 
68.327855 52.711085 116.585221 108.175212 85.781939 86.062850 86.417535 86.845091 87.344447 7.620000 8.032185 9.158100 10.776307 12.700000 14.810618 17.038838 0.000000 2.540000 5.080000 7.620000 10.160000 12.700000 15.240000 39.464128 40.525708 41.715127 43.021782 44.435334 30.073493 29.523037 29.017759 28.560054 34.684208 34.208026 33.772913 33.380473 
69.066317 53.664877 114.496175 105.920427 83.254021 83.543432 83.908767 84.349041 84.863085 8.032185 7.620000 8.032185 9.158100 10.776307 12.700000 14.810618 2.540000 0.000000 2.540000 5.080000 7.620000 10.160000 12.700000 37.140059 38.266167 39.523643 40.900370 42.384732 31.300205 30.666692 30.073493 29.523037 35.753071 35.199791 34.684208 34.208026 
69.889340 54.720039 112.425699 103.678834 80.726860 81.025298 81.401936 81.855694 82.385298 9.158100 8.032185 7.620000 8.032185 9.158100 10.776307 12.700000 5.080000 2.540000 0.000000 2.540000 5.080000 7.620000 10.160000 34.846143 36.043991 37.376303 38.829242 40.389791 32.678645 31.971635 31.300205 30.666692 36.965838 36.342327 35.753071 35.199791 
70.793973 55.870829 110.374837 101.451306 78.200532 78.508574 78.897227 79.365306 79.911417 10.776307 9.158100 8.032185 7.620000 8.032185 9.158100 10.776307 7.620000 5.080000 2.540000 0.000000 2.540000 5.080000 7.620000 32.588750 33.866535 35.281170 36.816884 38.459175 34.190468 33.418978 32.678645 31.971635 38.308842 37.621900 36.965838 36.342327 
71.777132 57.111466 108.344703 99.238790 75.675119 75.993398 76.394848 76.878165 77.441816 12.700000 10.776307 9.158100 8.032185 7.620000 8.032185 9.158100 10.160000 7.620000 5.080000 2.540000 0.000000 2.540000 5.080000 30.376023 31.743004 33.248114 34.873473 36.603064 35.818788 34.991055 34.190468 33.418978 39.768893 39.025033 38.308842 37.621900 
72.835637 58.436229 106.336485 97.042314 73.150716 73.479931 73.895037 74.394596 74.976920 14.810618 12.700000 10.776307 9.158100 8.032185 7.620000 8.032185 12.700000 10.160000 7.620000 5.080000 2.540000 0.000000 2.540000 28.218471 29.684974 31.289238 33.011186 34.833369 37.548451 36.671828 35.818788 34.991055 41.333588 40.538898 39.768893 39.025033 
73.966252 59.839529 104.351447 94.862992 70.627431 70.968352 71.398062 71.914968 72.517207 17.038838 14.810618 12.700000 10.776307 9.158100 8.032185 7.620000 15.240000 12.700000 10.160000 7.620000 5.080000 2.540000 0.000000 26.129765 27.707042 29.419364 31.244535 33.163928 39.366103 38.447044 37.548451 36.671828 42.991503 42.151566 41.333588 40.538898 
98.054288 64.590271 100.922697 68.866905 49.597339 49.292039 49.116366 49.071711 49.158432 43.021782 40.900370 38.829242 36.816884 34.873473 33.011186 31.244535 39.464128 37.140059 34.846143 32.588750 30.376023 28.218471 26.129765 0.000000 2.540000 5.080000 7.620000 10.160000 51.153347 49.916102 48.680543 47.446803 52.519675 51.315383 50.114335 48.916770 
100.166903 63.296669 102.976483 67.655124 50.029893 49.597339 49.292039 49.116366 49.071711 44.435334 42.384732 40.389791 38.459175 36.603064 34.833369 33.163928 40.525708 38.266167 36.043991 33.866535 31.743004 29.684974 27.707042 2.540000 0.000000 2.540000 5.080000 7.620000 50.647745 49.397837 48.148981 46.901260 51.778751 50.556812 49.337301 48.120403 
102.298958 62.080082 105.051532 66.518299 50.586437 50.029893 49.597339 49.292039 49.116366 45.945917 43.965826 42.045970 40.194981 38.422814 36.740876 35.162118 41.715127 39.523643 37.376303 35.281170 33.248114 31.289238 29.419364 5.080000 2.540000 0.000000 2.540000 5.080000 50.265559 49.005904 47.746798 46.488284 51.153347 49.916102 48.680543 47.446803 
104.449263 60.945124 107.146610 65.460337 51.262931 50.586437 50.029893 49.597339 49.292039 47.544284 45.633600 43.786929 42.012714 40.320519 38.721100 37.226417 43.021782 40.900370 38.829242 36.816884 34.873473 33.011186 31.244535 7.620000 5.080000 2.540000 0.000000 2.540000 50.009618 48.743350 47.477281 46.211428 50.647745 49.397837 48.148981 46.901260 
106.616712 59.896435 109.260563 64.485118 52.054701 51.262931 50.586437 50.029893 49.597339 49.221882 47.378901 45.602960 43.902197 42.285683 40.763444 39.346421 44.435334 42.384732 40.389791 38.459175 36.603064 34.833369 33.163928 10.160000 7.620000 5.080000 2.540000 0.000000 49.881867 48.612271 47.342697 46.073146 50.265559 49.005904 47.746798 46.488284 
92.709418 23.017855 143.649072 112.115304 100.672441 100.233862 99.857983 99.545516 99.297059 37.035641 38.038488 39.180577 40.450116 41.835503 43.325627 44.910064 30.073493 31.300205 32.678645 34.190468 35.818788 37.548451 39.366103 51.153347 50.647745 50.265559 50.009618 49.881867 0.000000 1.270000 2.540000 3.810000 5.080000 5.236344 5.679613 6.350000 
92.788659 23.334970 142.680255 110.871279 99.424619 98.980510 98.599854 98.283387 98.031731 36.590074 37.518925 38.592865 39.800149 41.129037 42.568142 44.106677 29.523037 30.666692 31.971635 33.418978 34.991055 36.671828 38.447044 49.916102 49.397837 49.005904 48.743350 48.612271 1.270000 0.000000 1.270000 2.540000 5.236344 5.080000 5.236344 5.679613 
92.885200 23.715941 141.716195 109.627850 98.177365 97.727589 97.342033 97.021463 96.766526 36.183616 37.035641 38.038488 39.180577 40.450116 41.835503 43.325627 29.017759 30.073493 31.300205 32.678645 34.190468 35.818788 37.548451 48.680543 48.148981 47.746798 47.477281 47.342697 2.540000 1.270000 0.000000 1.270000 5.679613 5.236344 5.080000 5.236344 
92.998985 24.157745 140.756992 108.385038 96.930702 96.475114 96.084532 95.759753 95.501448 35.817600 36.590074 37.518925 38.592865 39.800149 41.129037 42.568142 28.560054 29.523037 30.666692 31.971635 33.418978 34.991055 36.671828 47.446803 46.901260 46.488284 46.211428 46.073146 3.810000 2.540000 1.270000 0.000000 6.350000 5.679613 5.236344 5.080000 
97.781975 18.102489 146.973924 111.210251 101.734345 101.172907 100.672441 100.233862 99.857983 41.804751 42.695727 43.716314 44.857668 46.110821 47.466920 48.917403 34.684208 35.753071 36.965838 38.308842 39.768893 41.333588 42.991503 52.519675 51.778751 51.153347 50.647745 50.265559 5.080000 5.236344 5.679613 6.350000 0.000000 1.270000 2.540000 3.810000 
97.857109 18.504035 146.027167 109.955987 100.499708 99.931334 99.424619 98.980510 98.599854 41.410530 42.233497 43.190366 44.272456 45.470828 46.776546 48.180883 34.208026 35.199791 36.342327 37.621900 39.025033 40.538898 42.151566 51.315383 50.556812 49.916102 49.397837 49.005904 5.236344 5.080000 5.236344 5.679613 1.270000 0.000000 1.270000 2.540000 
97.948654 18.982211 145.085349 108.702089 99.265963 98.690484 98.177365 97.727589 97.342033 41.051828 41.804751 42.695727 43.716314 44.857668 46.110821 47.466920 33.772913 34.684208 35.753071 36.965838 38.308842 39.768893 41.333588 50.114335 49.337301 48.680543 48.148981 47.746798 5.679613 5.236344 5.080000 5.236344 2.540000 1.270000 0.000000 1.270000 
98.056563 19.531389 144.148567 107.448568 98.033145 97.450385 96.930702 96.475114 96.084532 40.729583 41.410530 42.233497 43.190366 44.272456 45.470828 46.776546 33.380473 34.208026 35.199791 36.342327 37.621900 39.025033 40.538898 48.916770 48.120403 47.446803 46.901260 46.488284 6.350000 5.679613 5.236344 5.080000 3.810000 2.540000 1.270000 0.000000 
