68
# Circuit board instance
Size: large
Nodes: 68
0.000000 140.000000 140.000000 197.989899 62.110234 64.197652 66.316658 68.464318 70.638019 72.835430 75.054468 66.813171 68.757961 70.740495 72.757690 74.806740 76.885099 78.990454 65.813267 68.296326 70.783425 73.274154 75.768154 78.265113 80.764756 67.857063 70.267937 72.687606 75.115221 77.550036 79.991392 82.438709 94.708073 96.173849 97.683687 99.235575 100.827572 102.457807 104.124486 101.071607 102.446376 103.865073 105.325923 106.827196 108.367213 109.944345 147.442253 148.456052 149.473766 150.495316 150.566850 151.559750 152.556761 153.557801 114.706718 117.199298 119.693872 122.190317 124.688522 127.188382 129.689802 116.428272 118.884763 121.344692 123.807855 126.274062 128.743139 131.214924 
140.000000 0.000000 197.989899 140.000000 115.692563 116.826480 118.004182 119.224371 120.485757 121.787059 123.127012 108.892092 110.096072 111.344984 112.637335 113.971646 115.346462 116.760351 141.346587 142.519682 143.728094 144.970939 146.247341 147.556428 148.897339 134.604802 135.836131 137.103464 138.405810 139.742190 141.111638 142.513201 82.138757 83.824612 85.552669 87.320420 89.125505 90.965700 92.838919 76.544275 78.350598 80.196694 82.079878 83.997656 85.947712 87.927899 128.017867 129.184193 130.352457 131.522607 126.084624 127.268669 128.454356 129.641639 162.830353 164.595772 166.381235 168.186106 170.009765 171.851614 173.711075 157.410403 159.235924 161.080809 162.944400 164.826064 166.725189 168.641184 
140.000000 197.989899 0.000000 140.000000 96.337882 93.986407 91.644996 89.314439 86.995609 84.689469 82.397084 99.434934 97.158445 94.895331 92.646574 90.413243 88.196512 85.997663 77.023032 74.527508 72.035093 69.546121 67.060976 64.580100 62.104003 78.776534 76.338354 73.907033 71.483270 69.067861 66.661714 64.265871 116.205463 114.334159 112.489081 110.671541 108.882918 107.124660 105.398288 121.447767 119.658474 117.896751 116.163852 114.461087 112.789819 111.151472 91.914007 91.610951 91.324551 91.054966 96.847009 96.559436 96.287756 96.032105 35.390988 33.456932 31.608761 29.862426 28.236827 26.753981 25.438863 40.625526 38.952248 37.376800 35.912057 34.572095 33.371947 32.327189 
197.989899 140.000000 140.000000 0.000000 137.142536 135.501043 133.887614 132.303276 130.749087 129.226135 127.735536 131.456433 129.743020 128.057064 126.399666 124.771962 123.175129 121.610385 146.901393 145.608451 144.348628 143.122796 141.931836 140.776635 139.658079 140.426543 139.073419 137.753843 136.468786 135.219233 134.006178 132.830621 106.211421 104.160723 102.132021 100.126651 98.146045 96.191731 94.265346 101.946636 99.808350 97.689305 95.590778 93.514152 91.460919 89.432690 55.655557 55.153627 54.676594 54.225115 51.051928 50.504266 49.982880 49.488599 120.866102 120.314001 119.813215 119.364388 118.968109 118.624905 118.335237 113.458918 112.870591 112.336627 111.857805 111.434835 111.068355 110.758926 
62.110234 115.692563 96.337882 137.142536 0.000000 2.540000 5.080000 7.620000 10.160000 12.700000 15.240000 7.620000 8.032185 9.158100 10.776307 12.700000 14.810618 17.038838 25.770744 27.201608 28.785880 30.499664 32.322366 34.236594 36.227843 19.724905 21.560801 23.528016 25.596292 27.743035 29.951378 32.208652 42.084038 42.351514 42.768428 43.330467 44.032074 44.866700 45.827081 49.685638 49.912395 50.266638 50.745697 51.346080 52.063588 52.893456 85.384290 86.382033 87.386842 88.398475 88.634827 89.596379 90.565533 91.542045 63.380055 65.862507 68.349189 70.839654 73.333517 75.830443 78.330139 62.182702 64.711104 67.240381 69.770436 72.301189 74.832568 77.364513 
64.197652 116.826480 93.986407 135.501043 2.540000 0.000000 2.540000 5.080000 7.620000 10.160000 12.700000 8.032185 7.620000 8.032185 9.158100 10.776307 12.700000 14.810618 24.520159 25.770744 27.201608 28.785880 30.499664 32.322366 34.236594 18.060423 19.724905 21.560801 23.528016 25.596292 27.743035 29.951378 41.968857 42.084038 42.351514 42.768428 43.330467 44.032074 44.866700 49.588117 49.685638 49.912395 50.266638 50.745697 51.346080 52.063588 83.411012 84.393863 85.384290 86.382033 86.735532 87.681125 88.634827 89.596379 60.902348 63.380055 65.862507 68.349189 70.839654 73.333517 75.830443 59.655286 62.182702 64.711104 67.240381 69.770436 72.301189 74.832568 
66.316658 118.004182 91.644996 133.887614 5.080000 2.540000 0.000000 2.540000 5.080000 7.620000 10.160000 9.158100 8.032185 7.620000 8.032185 9.158100 10.776307 12.700000 23.478679 24.520159 25.770744 27.201608 28.785880 30.499664 32.322366 16.618936 18.060423 19.724905 21.560801 23.528016 25.596292 27.743035 42.007223 41.968857 42.084038 42.351514 42.768428 43.330467 44.032074 49.620592 49.588117 49.685638 49.912395 50.266638 50.745697 51.346080 81.469137 82.436010 83.411012 84.393863 84.869757 85.798317 86.735532 87.681125 58.429991 60.902348 63.380055 65.862507 68.349189 70.839654 73.333517 57.128985 59.655286 62.182702 64.711104 67.240381 69.770436 72.301189 
68.464318 119.224371 89.314439 132.303276 7.620000 5.080000 2.540000 0.000000 2.540000 5.080000 7.620000 10.776307 9.158100 8.032185 7.620000 8.032185 9.158100 10.776307 22.675135 23.478679 24.520159 25.770744 27.201608 28.785880 30.499664 15.462937 16.618936 18.060423 19.724905 21.560801 23.528016 25.596292 42.198719 42.007223 41.968857 42.084038 42.351514 42.768428 43.330467 49.782811 49.620592 49.588117 49.685638 49.912395 50.266638 50.745697 79.560962 80.510686 81.469137 82.436010 83.039762 83.950140 84.869757 85.798317 55.963692 58.429991 60.902348 63.380055 65.862507 68.349189 70.839654 54.603956 57.128985 59.655286 62.182702 64.711104 67.240381 69.770436 
70.638019 120.485757 86.995609 130.749087 10.160000 7.620000 5.080000 2.540000 0.000000 2.540000 5.080000 12.700000 10.776307 9.158100 8.032185 7.620000 8.032185 9.158100 22.135454 22.675135 23.478679 24.520159 25.770744 27.201608 28.785880 14.660115 15.462937 16.618936 18.060423 19.724905 21.560801 23.528016 42.541276 42.198719 42.007223 41.968857 42.084038 42.351514 42.768428 50.073512 49.782811 49.620592 49.588117 49.685638 49.912395 50.266638 77.688971 78.620281 79.560962 80.510686 81.247965 82.138931 83.039762 83.950140 53.504290 55.963692 58.429991 60.902348 63.380055 65.862507 68.349189 52.080382 54.603956 57.128985 59.655286 62.182702 64.711104 67.240381 
72.835430 121.787059 84.689469 129.226135 12.700000 10.160000 7.620000 5.080000 2.540000 0.000000 2.540000 14.810618 12.700000 10.776307 9.158100 8.032185 7.620000 8.032185 21.879171 22.135454 22.675135 23.478679 24.520159 25.770744 27.201608 14.270205 14.660115 15.462937 16.618936 18.060423 19.724905 21.560801 43.031287 42.541276 42.198719 42.007223 41.968857 42.084038 42.351514 50.490475 50.073512 49.782811 49.620592 49.588117 49.685638 49.912395 75.855844 76.767374 77.688971 78.620281 79.496947 80.367190 81.247965 82.138931 51.052782 53.504290 55.963692 58.429991 60.902348 63.380055 65.862507 49.558487 52.080382 54.603956 57.128985 59.655286 62.182702 64.711104 
75.054468 123.127012 82.397084 127.735536 15.240000 12.700000 10.160000 7.620000 5.080000 2.540000 0.000000 17.038838 14.810618 12.700000 10.776307 9.158100 8.032185 7.620000 21.916229 21.879171 22.135454 22.675135 23.478679 24.520159 25.770744 14.326958 14.270205 14.660115 15.462937 16.618936 18.060423 19.724905 43.663788 43.031287 42.541276 42.198719 42.007223 41.968857 42.084038 51.030606 50.490475 50.073512 49.782811 49.620592 49.588117 49.685638 74.064466 74.954747 75.855844 76.767374 77.789463 78.637584 79.496947 80.367190 48.610360 51.052782 53.504290 55.963692 58.429991 60.902348 63.380055 47.038540 49.558487 52.080382 54.603956 57.128985 59.655286 62.182702 
66.813171 108.892092 99.434934 131.456433 7.620000 8.032185 9.158100 10.776307 12.700000 14.810618 17.038838 0.000000 2.540000 5.080000 7.620000 10.160000 12.700000 15.240000 32.485680 33.632062 34.925851 36.351309 37.893581 39.539000 41.275232 25.770744 27.201608 28.785880 30.499664 32.322366 34.236594 36.227843 34.490559 34.816421 35.322385 36.000858 36.842311 37.835872 38.969908 42.084038 42.351514 42.768428 43.330467 44.032074 44.866700 45.827081 80.862647 81.915483 82.974399 84.039165 83.827227 84.843283 85.866100 86.895440 65.448476 67.855299 70.271497 72.696137 75.128400 77.567569 80.013014 63.380055 65.862507 68.349189 70.839654 73.333517 75.830443 78.330139 
68.757961 110.096072 97.158445 129.743020 8.032185 7.620000 8.032185 9.158100 10.776307 12.700000 14.810618 2.540000 0.000000 2.540000 5.080000 7.620000 10.160000 12.700000 31.502799 32.485680 33.632062 34.925851 36.351309 37.893581 39.539000 24.520159 25.770744 27.201608 28.785880 30.499664 32.322366 34.236594 34.349925 34.490559 34.816421 35.322385 36.000858 36.842311 37.835872 41.968857 42.084038 42.351514 42.768428 43.330467 44.032074 44.866700 78.776188 79.816131 80.862647 81.915483 81.816404 82.818181 83.827227 84.843283 63.052102 65.448476 67.855299 70.271497 72.696137 75.128400 77.567569 60.902348 63.380055 65.862507 68.349189 70.839654 73.333517 75.830443 
70.740495 111.344984 94.895331 128.057064 9.158100 8.032185 7.620000 8.032185 9.158100 10.776307 12.700000 5.080000 2.540000 0.000000 2.540000 5.080000 7.620000 10.160000 30.699129 31.502799 32.485680 33.632062 34.925851 36.351309 37.893581 23.478679 24.520159 25.770744 27.201608 28.785880 30.499664 32.322366 34.396791 34.349925 34.490559 34.816421 35.322385 36.000858 36.842311 42.007223 41.968857 42.084038 42.351514 42.768428 43.330467 44.032074 76.717084 77.743080 78.776188 79.816131 79.835752 80.822167 81.816404 82.818181 60.667417 63.052102 65.448476 67.855299 70.271497 72.696137 75.128400 58.429991 60.902348 63.380055 65.862507 68.349189 70.839654 73.333517 
72.757690 112.637335 92.646574 126.399666 10.776307 9.158100 8.032185 7.620000 8.032185 9.158100 10.776307 7.620000 5.080000 2.540000 0.000000 2.540000 5.080000 7.620000 30.089033 30.699129 31.502799 32.485680 33.632062 34.925851 36.351309 22.675135 23.478679 24.520159 25.770744 27.201608 28.785880 30.499664 34.630396 34.396791 34.349925 34.490559 34.816421 35.322385 36.000858 42.198719 42.007223 41.968857 42.084038 42.351514 42.768428 43.330467 74.687598 75.698489 76.717084 77.743080 77.887571 78.857451 79.835752 80.822167 58.295853 60.667417 63.052102 65.448476 67.855299 70.271497 72.696137 55.963692 58.429991 60.902348 63.380055 65.862507 68.349189 70.839654 
74.806740 113.971646 90.413243 124.771962 12.700000 10.776307 9.158100 8.032185 7.620000 8.032185 9.158100 10.160000 7.620000 5.080000 2.540000 0.000000 2.540000 5.080000 29.684448 30.089033 30.699129 31.502799 32.485680 33.632062 34.925851 22.135454 22.675135 23.478679 24.520159 25.770744 27.201608 28.785880 35.047006 34.630396 34.396791 34.349925 34.490559 34.816421 35.322385 42.541276 42.198719 42.007223 41.968857 42.084038 42.351514 42.768428 72.690212 73.684729 74.687598 75.698489 75.974359 76.926430 77.887571 78.857451 55.939080 58.295853 60.667417 63.052102 65.448476 67.855299 70.271497 53.504290 55.963692 58.429991 60.902348 63.380055 65.862507 68.349189 
76.885099 115.346462 88.196512 123.175129 14.810618 12.700000 10.776307 9.158100 8.032185 7.620000 8.032185 12.700000 10.160000 7.620000 5.080000 2.540000 0.000000 2.540000 29.493834 29.684448 30.089033 30.699129 31.502799 32.485680 33.632062 21.879171 22.135454 22.675135 23.478679 24.520159 25.770744 27.201608 35.640203 35.047006 34.630396 34.396791 34.349925 34.490559 34.816421 43.031287 42.541276 42.198719 42.007223 41.968857 42.084038 42.351514 70.727645 71.704396 72.690212 73.684729 74.098827 75.031705 75.974359 76.926430 53.599050 55.939080 58.295853 60.667417 63.052102 65.448476 67.855299 51.052782 53.504290 55.963692 58.429991 60.902348 63.380055 65.862507 
78.990454 116.760351 85.997663 121.610385 17.038838 14.810618 12.700000 10.776307 9.158100 8.032185 7.620000 15.240000 12.700000 10.160000 7.620000 5.080000 2.540000 0.000000 29.521335 29.493834 29.684448 30.089033 30.699129 31.502799 32.485680 21.916229 21.879171 22.135454 22.675135 23.478679 24.520159 25.770744 36.401357 35.640203 35.047006 34.630396 34.396791 34.349925 34.490559 43.663788 43.031287 42.541276 42.198719 42.007223 41.968857 42.084038 68.802876 69.760339 70.727645 71.704396 72.263906 73.176097 74.098827 75.031705 51.278054 53.599050 55.939080 58.295853 60.667417 63.052102 65.448476 48.610360 51.052782 53.504290 55.963692 58.429991 60.902348 63.380055 
65.813267 141.346587 77.023032 146.901393 25.770744 24.520159 23.478679 22.675135 22.135454 21.879171 21.916229 32.485680 31.502799 30.699129 30.089033 29.684448 29.493834 29.521335 0.000000 2.540000 5.080000 7.620000 10.160000 12.700000 15.240000 7.620000 8.032185 9.158100 10.776307 12.700000 14.810618 17.038838 64.676416 64.313907 64.050150 63.886368 63.823331 63.861336 64.000204 72.206363 71.881839 71.645948 71.499568 71.443248 71.477202 71.601301 91.939026 92.679507 93.431382 94.194379 96.127637 96.836093 97.555938 98.286922 48.925933 51.431905 53.941060 56.452975 58.967295 61.483726 64.002020 50.759510 53.179148 55.609522 58.049283 60.497296 62.952597 65.414367 
68.296326 142.519682 74.527508 145.608451 27.201608 25.770744 24.520159 23.478679 22.675135 22.135454 21.879171 33.632062 32.485680 31.502799 30.699129 30.089033 29.684448 29.493834 2.540000 0.000000 2.540000 5.080000 7.620000 10.160000 12.700000 8.032185 7.620000 8.032185 9.158100 10.776307 12.700000 14.810618 65.136028 64.676416 64.313907 64.050150 63.886368 63.823331 63.861336 72.618333 72.206363 71.881839 71.645948 71.499568 71.443248 71.477202 90.493365 91.210219 91.939026 92.679507 94.745909 95.430823 96.127637 96.836093 46.423660 48.925933 51.431905 53.941060 56.452975 58.967295 61.483726 48.352219 50.759510 53.179148 55.609522 58.049283 60.497296 62.952597 
70.783425 143.728094 72.035093 144.348628 28.785880 27.201608 25.770744 24.520159 23.478679 22.675135 22.135454 34.925851 33.632062 32.485680 31.502799 30.699129 30.089033 29.684448 5.080000 2.540000 0.000000 2.540000 5.080000 7.620000 10.160000 9.158100 8.032185 7.620000 8.032185 9.158100 10.776307 12.700000 65.690704 65.136028 64.676416 64.313907 64.050150 63.886368 63.823331 73.116269 72.618333 72.206363 71.881839 71.645948 71.499568 71.443248 89.096672 89.788753 90.493365 91.210219 93.412821 94.073154 94.745909 95.430823 43.925718 46.423660 48.925933 51.431905 53.941060 56.452975 58.967295 45.959216 48.352219 50.759510 53.179148 55.609522 58.049283 60.497296 
73.274154 144.970939 69.546121 143.122796 30.499664 28.785880 27.201608 25.770744 24.520159 23.478679 22.675135 36.351309 34.925851 33.632062 32.485680 31.502799 30.699129 30.089033 7.620000 5.080000 2.540000 0.000000 2.540000 5.080000 7.620000 10.776307 9.158100 8.032185 7.620000 8.032185 9.158100 10.776307 66.338061 65.690704 65.136028 64.676416 64.313907 64.050150 63.886368 73.698429 73.116269 72.618333 72.206363 71.881839 71.645948 71.499568 87.751285 88.417417 89.096672 89.788753 92.130484 92.765175 93.412821 94.073154 41.432889 43.925718 46.423660 48.925933 51.431905 53.941060 56.452975 43.582855 45.959216 48.352219 50.759510 53.179148 55.609522 58.049283 
75.768154 146.247341 67.060976 141.931836 32.322366 30.499664 28.785880 27.201608 25.770744 24.520159 23.478679 37.893581 36.351309 34.925851 33.632062 32.485680 31.502799 30.699129 10.160000 7.620000 5.080000 2.540000 0.000000 2.540000 5.080000 12.700000 10.776307 9.158100 8.032185 7.620000 8.032185 9.158100 67.075415 66.338061 65.690704 65.136028 64.676416 64.313907 64.050150 74.362836 73.698429 73.116269 72.618333 72.206363 71.881839 71.645948 86.459599 87.098578 87.751285 88.417417 90.901047 91.509018 92.130484 92.765175 38.946158 41.432889 43.925718 46.423660 48.925933 51.431905 53.941060 41.226012 43.582855 45.959216 48.352219 50.759510 53.179148 55.609522 
78.265113 147.556428 64.580100 140.776635 34.236594 32.322366 30.499664 28.785880 27.201608 25.770744 24.520159 39.539000 37.893581 36.351309 34.925851 33.632062 32.485680 31.502799 12.700000 10.160000 7.620000 5.080000 2.540000 0.000000 2.540000 14.810618 12.700000 10.776307 9.158100 8.032185 7.620000 8.032185 67.899833 67.075415 66.338061 65.690704 65.136028 64.676416 64.313907 75.107307 74.362836 73.698429 73.116269 72.618333 72.206363 71.881839 85.224056 85.834656 86.459599 87.098578 89.726684 90.306844 90.901047 91.509018 36.466769 38.946158 41.432889 43.925718 46.423660 48.925933 51.431905 38.892238 41.226012 43.582855 45.959216 48.352219 50.759510 53.179148 
80.764756 148.897339 62.104003 139.658079 36.227843 34.236594 32.322366 30.499664 28.785880 27.201608 25.770744 41.275232 39.539000 37.893581 36.351309 34.925851 33.632062 32.485680 15.240000 12.700000 10.160000 7.620000 5.080000 2.540000 0.000000 17.038838 14.810618 12.700000 10.776307 9.158100 8.032185 7.620000 68.808188 67.899833 67.075415 66.338061 65.690704 65.136028 64.676416 75.929486 75.107307 74.362836 73.698429 73.116269 72.618333 72.206363 84.047132 84.628111 85.224056 85.834656 88.609584 89.160839 89.726684 90.306844 33.996331 36.466769 38.946158 41.432889 43.925718 46.423660 48.925933 36.585946 38.892238 41.226012 43.582855 45.959216 48.352219 50.759510 
67.857063 134.604802 78.776534 140.426543 19.724905 18.060423 16.618936 15.462937 14.660115 14.270205 14.326958 25.770744 24.520159 23.478679 22.675135 22.135454 21.879171 21.916229 7.620000 8.032185 9.158100 10.776307 12.700000 14.810618 17.038838 0.000000 2.540000 5.080000 7.620000 10.160000 12.700000 15.240000 57.170337 56.759910 56.460875 56.275010 56.203436 56.246590 56.404209 64.676416 64.313907 64.050150 63.886368 63.823331 63.861336 64.000204 85.836773 86.629429 87.433347 88.248218 89.879199 90.636509 91.405191 92.184960 48.239971 50.779807 53.319658 55.859523 58.399399 60.939286 63.479181 48.925933 51.431905 53.941060 56.452975 58.967295 61.483726 64.002020 
70.267937 135.836131 76.338354 139.073419 21.560801 19.724905 18.060423 16.618936 15.462937 14.660115 14.270205 27.201608 25.770744 24.520159 23.478679 22.675135 22.135454 21.879171 8.032185 7.620000 8.032185 9.158100 10.776307 12.700000 14.810618 2.540000 0.000000 2.540000 5.080000 7.620000 10.160000 12.700000 57.689781 57.170337 56.759910 56.460875 56.275010 56.203436 56.246590 65.136028 64.676416 64.313907 64.050150 63.886368 63.823331 63.861336 84.286512 85.055693 85.836773 86.629429 88.399858 89.133550 89.879199 90.636509 45.700154 48.239971 50.779807 53.319658 55.859523 58.399399 60.939286 46.423660 48.925933 51.431905 53.941060 56.452975 58.967295 61.483726 
72.687606 137.103464 73.907033 137.753843 23.528016 21.560801 19.724905 18.060423 16.618936 15.462937 14.660115 28.785880 27.201608 25.770744 24.520159 23.478679 22.675135 22.135454 9.158100 8.032185 7.620000 8.032185 9.158100 10.776307 12.700000 5.080000 2.540000 0.000000 2.540000 5.080000 7.620000 10.160000 58.315326 57.689781 57.170337 56.759910 56.460875 56.275010 56.203436 65.690704 65.136028 64.676416 64.313907 64.050150 63.886368 63.823331 82.785168 83.529559 84.286512 85.055693 86.969551 87.678424 88.399858 89.133550 43.160359 45.700154 48.239971 50.779807 53.319658 55.859523 58.399399 43.925718 46.423660 48.925933 51.431905 53.941060 56.452975 58.967295 
75.115221 138.405810 71.483270 136.468786 25.596292 23.528016 21.560801 19.724905 18.060423 16.618936 15.462937 30.499664 28.785880 27.201608 25.770744 24.520159 23.478679 22.675135 10.776307 9.158100 8.032185 7.620000 8.032185 9.158100 10.776307 7.620000 5.080000 2.540000 0.000000 2.540000 5.080000 7.620000 59.043603 58.315326 57.689781 57.170337 56.759910 56.460875 56.275010 66.338061 65.690704 65.136028 64.676416 64.313907 64.050150 63.886368 81.335448 82.053681 82.785168 83.529559 85.590735 86.273550 86.969551 87.678424 40.620589 43.160359 45.700154 48.239971 50.779807 53.319658 55.859523 41.432889 43.925718 46.423660 48.925933 51.431905 53.941060 56.452975 
77.550036 139.742190 69.067861 135.219233 27.743035 25.596292 23.528016 21.560801 19.724905 18.060423 16.618936 32.322366 30.499664 28.785880 27.201608 25.770744 24.520159 23.478679 12.700000 10.776307 9.158100 8.032185 7.620000 8.032185 9.158100 10.160000 7.620000 5.080000 2.540000 0.000000 2.540000 5.080000 59.870860 59.043603 58.315326 57.689781 57.170337 56.759910 56.460875 67.075415 66.338061 65.690704 65.136028 64.676416 64.313907 64.050150 79.940161 80.630821 81.335448 82.053681 84.265937 84.921423 85.590735 86.273550 38.080850 40.620589 43.160359 45.700154 48.239971 50.779807 53.319658 38.946158 41.432889 43.925718 46.423660 48.925933 51.431905 53.941060 
79.991392 141.111638 66.661714 134.006178 29.951378 27.743035 25.596292 23.528016 21.560801 19.724905 18.060423 34.236594 32.322366 30.499664 28.785880 27.201608 25.770744 24.520159 14.810618 12.700000 10.776307 9.158100 8.032185 7.620000 8.032185 12.700000 10.160000 7.620000 5.080000 2.540000 0.000000 2.540000 60.793059 59.870860 59.043603 58.315326 57.689781 57.170337 56.759910 67.899833 67.075415 66.338061 65.690704 65.136028 64.676416 64.313907 78.602206 79.263832 79.940161 80.630821 82.997744 83.624601 84.265937 84.921423 35.541148 38.080850 40.620589 43.160359 45.700154 48.239971 50.779807 36.466769 38.946158 41.432889 43.925718 46.423660 48.925933 51.431905 
82.438709 142.513201 64.265871 132.830621 32.208652 29.951378 27.743035 25.596292 23.528016 21.560801 19.724905 36.227843 34.236594 32.322366 30.499664 28.785880 27.201608 25.770744 17.038838 14.810618 12.700000 10.776307 9.158100 8.032185 7.620000 15.240000 12.700000 10.160000 7.620000 5.080000 2.540000 0.000000 61.805949 60.793059 59.870860 59.043603 58.315326 57.689781 57.170337 68.808188 67.899833 67.075415 66.338061 65.690704 65.136028 64.676416 77.324559 77.955655 78.602206 79.263832 81.788790 82.385696 82.997744 83.624601 33.001491 35.541148 38.080850 40.620589 43.160359 45.700154 48.239971 33.996331 36.466769 38.946158 41.432889 43.925718 46.423660 48.925933 
94.708073 82.138757 116.205463 106.211421 42.084038 41.968857 42.007223 42.198719 42.541276 43.031287 43.663788 34.490559 34.349925 34.396791 34.630396 35.047006 35.640203 36.401357 64.676416 65.136028 65.690704 66.338061 67.075415 67.899833 68.808188 57.170337 57.689781 58.315326 59.043603 59.870860 60.793059 61.805949 0.000000 2.540000 5.080000 7.620000 10.160000 12.700000 15.240000 7.620000 8.032185 9.158100 10.776307 12.700000 14.810618 17.038838 64.633797 65.885051 67.137009 68.389632 65.702576 66.933854 68.166552 69.400595 80.887184 82.749273 84.646624 86.576920 88.538005 90.527878 92.544683 75.847621 77.830375 79.844700 81.888266 83.958939 86.054761 88.173939 
96.173849 83.824612 114.334159 104.160723 42.351514 42.084038 41.968857 42.007223 42.198719 42.541276 43.031287 34.816421 34.490559 34.349925 34.396791 34.630396 35.047006 35.640203 64.313907 64.676416 65.136028 65.690704 66.338061 67.075415 67.899833 56.759910 57.170337 57.689781 58.315326 59.043603 59.870860 60.793059 2.540000 0.000000 2.540000 5.080000 7.620000 10.160000 12.700000 8.032185 7.620000 8.032185 9.158100 10.776307 12.700000 14.810618 62.133571 63.383288 64.633797 65.885051 63.244616 64.472801 65.702576 66.933854 79.062849 80.887184 82.749273 84.646624 86.576920 88.538005 90.527878 73.898979 75.847621 77.830375 79.844700 81.888266 83.958939 86.054761 
97.683687 85.552669 112.489081 102.132021 42.768428 42.351514 42.084038 41.968857 42.007223 42.198719 42.541276 35.322385 34.816421 34.490559 34.349925 34.396791 34.630396 35.047006 64.050150 64.313907 64.676416 65.136028 65.690704 66.338061 67.075415 56.460875 56.759910 57.170337 57.689781 58.315326 59.043603 59.870860 5.080000 2.540000 0.000000 2.540000 5.080000 7.620000 10.160000 9.158100 8.032185 7.620000 8.032185 9.158100 10.776307 12.700000 59.636706 60.884692 62.133571 63.383288 60.793401 62.018115 63.244616 64.472801 77.278941 79.062849 80.887184 82.749273 84.646624 86.576920 88.538005 71.987221 73.898979 75.847621 77.830375 79.844700 81.888266 83.958939 
99.235575 87.320420 110.671541 100.126651 43.330467 42.768428 42.351514 42.084038 41.968857 42.007223 42.198719 36.000858 35.322385 34.816421 34.490559 34.349925 34.396791 34.630396 63.886368 64.050150 64.313907 64.676416 65.136028 65.690704 66.338061 56.275010 56.460875 56.759910 57.170337 57.689781 58.315326 59.043603 7.620000 5.080000 2.540000 0.000000 2.540000 5.080000 7.620000 10.776307 9.158100 8.032185 7.620000 8.032185 9.158100 10.776307 57.143644 58.389669 59.636706 60.884692 58.349781 59.570583 60.793401 62.018115 75.538326 77.278941 79.062849 80.887184 82.749273 84.646624 86.576920 70.115361 71.987221 73.898979 75.847621 77.830375 79.844700 81.888266 
100.827572 89.125505 108.882918 98.146045 44.032074 43.330467 42.768428 42.351514 42.084038 41.968857 42.007223 36.842311 36.000858 35.322385 34.816421 34.490559 34.349925 34.396791 63.823331 63.886368 64.050150 64.313907 64.676416 65.136028 65.690704 56.203436 56.275010 56.460875 56.759910 57.170337 57.689781 58.315326 10.160000 7.620000 5.080000 2.540000 0.000000 2.540000 5.080000 12.700000 10.776307 9.158100 8.032185 7.620000 8.032185 9.158100 54.654904 55.898698 57.143644 58.389669 55.914751 57.131123 58.349781 59.570583 73.844065 75.538326 77.278941 79.062849 80.887184 82.749273 84.646624 68.286683 70.115361 71.987221 73.898979 75.847621 77.830375 79.844700 
102.457807 90.965700 107.124660 96.191731 44.866700 44.032074 43.330467 42.768428 42.351514 42.084038 41.968857 37.835872 36.842311 36.000858 35.322385 34.816421 34.490559 34.349925 63.861336 63.823331 63.886368 64.050150 64.313907 64.676416 65.136028 56.246590 56.203436 56.275010 56.460875 56.759910 57.170337 57.689781 12.700000 10.160000 7.620000 5.080000 2.540000 0.000000 2.540000 14.810618 12.700000 10.776307 9.158100 8.032185 7.620000 8.032185 52.171106 53.412344 54.654904 55.898698 53.489486 54.700817 55.914751 57.131123 72.199420 73.844065 75.538326 77.278941 79.062849 80.887184 82.749273 66.504747 68.286683 70.115361 71.987221 73.898979 75.847621 77.830375 
104.124486 92.838919 105.398288 94.265346 45.827081 44.866700 44.032074 43.330467 42.768428 42.351514 42.084038 38.969908 37.835872 36.842311 36.000858 35.322385 34.816421 34.490559 64.000204 63.861336 63.823331 63.886368 64.050150 64.313907 64.676416 56.404209 56.246590 56.203436 56.275010 56.460875 56.759910 57.170337 15.240000 12.700000 10.160000 7.620000 5.080000 2.540000 0.000000 17.038838 14.810618 12.700000 10.776307 9.158100 8.032185 7.620000 49.692990 50.931286 52.171106 53.412344 51.075376 52.280940 53.489486 54.700817 70.607859 72.199420 73.844065 75.538326 77.278941 79.062849 80.887184 64.773412 66.504747 68.286683 70.115361 71.987221 73.898979 75.847621 
101.071607 76.544275 121.447767 101.946636 49.685638 49.588117 49.620592 49.782811 50.073512 50.490475 51.030606 42.084038 41.968857 42.007223 42.198719 42.541276 43.031287 43.663788 72.206363 72.618333 73.116269 73.698429 74.362836 75.107307 75.929486 64.676416 65.136028 65.690704 66.338061 67.075415 67.899833 68.808188 7.620000 8.032185 9.158100 10.776307 12.700000 14.810618 17.038838 0.000000 2.540000 5.080000 7.620000 10.160000 12.700000 15.240000 63.760100 65.028168 66.296309 67.564521 64.243537 65.502246 66.761383 68.020924 86.306084 88.053653 89.839048 91.660060 93.514608 95.400736 97.316607 80.887184 82.749273 84.646624 86.576920 88.538005 90.527878 92.544683 
102.446376 78.350598 119.658474 99.808350 49.912395 49.685638 49.588117 49.620592 49.782811 50.073512 50.490475 42.351514 42.084038 41.968857 42.007223 42.198719 42.541276 43.031287 71.881839 72.206363 72.618333 73.116269 73.698429 74.362836 75.107307 64.313907 64.676416 65.136028 65.690704 66.338061 67.075415 67.899833 8.032185 7.620000 8.032185 9.158100 10.776307 12.700000 14.810618 2.540000 0.000000 2.540000 5.080000 7.620000 10.160000 12.700000 61.224205 62.492111 63.760100 65.028168 61.727506 62.985281 64.243537 65.502246 84.598686 86.306084 88.053653 89.839048 91.660060 93.514608 95.400736 79.062849 80.887184 82.749273 84.646624 86.576920 88.538005 90.527878 
103.865073 80.196694 117.896751 97.689305 50.266638 49.912395 49.685638 49.588117 49.620592 49.782811 50.073512 42.768428 42.351514 42.084038 41.968857 42.007223 42.198719 42.541276 71.645948 71.881839 72.206363 72.618333 73.116269 73.698429 74.362836 64.050150 64.313907 64.676416 65.136028 65.690704 66.338061 67.075415 9.158100 8.032185 7.620000 8.032185 9.158100 10.776307 12.700000 5.080000 2.540000 0.000000 2.540000 5.080000 7.620000 10.160000 58.688665 59.956388 61.224205 62.492111 59.213521 60.470242 61.727506 62.985281 82.933940 84.598686 86.306084 88.053653 89.839048 91.660060 93.514608 77.278941 79.062849 80.887184 82.749273 84.646624 86.576920 88.538005 
105.325923 82.079878 116.163852 95.590778 50.745697 50.266638 49.912395 49.685638 49.588117 49.620592 49.782811 43.330467 42.768428 42.351514 42.084038 41.968857 42.007223 42.198719 71.499568 71.645948 71.881839 72.206363 72.618333 73.116269 73.698429 63.886368 64.050150 64.313907 64.676416 65.136028 65.690704 66.338061 10.776307 9.158100 8.032185 7.620000 8.032185 9.158100 10.776307 7.620000 5.080000 2.540000 0.000000 2.540000 5.080000 7.620000 56.153528 57.421043 58.688665 59.956388 56.701855 57.957380 59.213521 60.470242 81.314466 82.933940 84.598686 86.306084 88.053653 89.839048 91.660060 75.538326 77.278941 79.062849 80.887184 82.749273 84.646624 86.576920 
106.827196 83.997656 114.461087 93.514152 51.346080 50.745697 50.266638 49.912395 49.685638 49.588117 49.620592 44.032074 43.330467 42.768428 42.351514 42.084038 41.968857 42.007223 71.443248 71.499568 71.645948 71.881839 72.206363 72.618333 73.116269 63.823331 63.886368 64.050150 64.313907 64.676416 65.136028 65.690704 12.700000 10.776307 9.158100 8.032185 7.620000 8.032185 9.158100 10.160000 7.620000 5.080000 2.540000 0.000000 2.540000 5.080000 53.618852 54.886129 56.153528 57.421043 54.192831 55.446991 56.701855 57.957380 79.743022 81.314466 82.933940 84.598686 86.306084 88.053653 89.839048 73.844065 75.538326 77.278941 79.062849 80.887184 82.749273 84.646624 
108.367213 85.947712 112.789819 91.460919 52.063588 51.346080 50.745697 50.266638 49.912395 49.685638 49.588117 44.866700 44.032074 43.330467 42.768428 42.351514 42.084038 41.968857 71.477202 71.443248 71.499568 71.645948 71.881839 72.206363 72.618333 63.861336 63.823331 63.886368 64.050150 64.313907 64.676416 65.136028 14.810618 12.700000 10.776307 9.158100 8.032185 7.620000 8.032185 12.700000 10.160000 7.620000 5.080000 2.540000 0.000000 2.540000 51.084704 52.351707 53.618852 54.886129 51.686833 52.939427 54.192831 55.446991 78.222502 79.743022 81.314466 82.933940 84.598686 86.306084 88.053653 72.199420 73.844065 75.538326 77.278941 79.062849 80.887184 82.749273 
109.944345 87.927899 111.151472 89.432690 52.893456 52.063588 51.346080 50.745697 50.266638 49.912395 49.685638 45.827081 44.866700 44.032074 43.330467 42.768428 42.351514 42.084038 71.601301 71.477202 71.443248 71.499568 71.645948 71.881839 72.206363 64.000204 63.861336 63.823331 63.886368 64.050150 64.313907 64.676416 17.038838 14.810618 12.700000 10.776307 9.158100 8.032185 7.620000 15.240000 12.700000 10.160000 7.620000 5.080000 2.540000 0.000000 48.551168 49.817854 51.084704 52.351707 49.184323 50.435109 51.686833 52.939427 76.755934 78.222502 79.743022 81.314466 82.933940 84.598686 86.306084 70.607859 72.199420 73.844065 75.538326 77.278941 79.062849 80.887184 
147.442253 128.017867 91.914007 55.655557 85.384290 83.411012 81.469137 79.560962 77.688971 75.855844 74.064466 80.862647 78.776188 76.717084 74.687598 72.690212 70.727645 68.802876 91.939026 90.493365 89.096672 87.751285 86.459599 85.224056 84.047132 85.836773 84.286512 82.785168 81.335448 79.940161 78.602206 77.324559 64.633797 62.133571 59.636706 57.143644 54.654904 52.171106 49.692990 63.760100 61.224205 58.688665 56.153528 53.618852 51.084704 48.551168 0.000000 1.270000 2.540000 3.810000 5.080000 5.236344 5.679613 6.350000 66.992877 66.853216 66.809900 66.863115 67.012631 67.257806 67.597599 59.396372 59.238805 59.189916 59.249975 59.418651 59.695024 60.077607 
148.456052 129.184193 91.610951 55.153627 86.382033 84.393863 82.436010 80.510686 78.620281 76.767374 74.954747 81.915483 79.816131 77.743080 75.698489 73.684729 71.704396 69.760339 92.679507 91.210219 89.788753 88.417417 87.098578 85.834656 84.628111 86.629429 85.055693 83.529559 82.053681 80.630821 79.263832 77.955655 65.885051 63.383288 60.884692 58.389669 55.898698 53.412344 50.931286 65.028168 62.492111 59.956388 57.421043 54.886129 52.351707 49.817854 1.270000 0.000000 1.270000 2.540000 5.236344 5.080000 5.236344 5.679613 67.098664 66.911032 66.819494 66.824445 66.925865 67.123317 67.415955 59.515664 59.304044 59.200745 59.206334 59.320780 59.543456 59.873153 
149.473766 130.352457 91.324551 54.676594 87.386842 85.384290 83.411012 81.469137 79.560962 77.688971 75.855844 82.974399 80.862647 78.776188 76.717084 74.687598 72.690212 70.727645 93.431382 91.939026 90.493365 89.096672 87.751285 86.459599 85.224056 87.433347 85.836773 84.286512 82.785168 81.335448 79.940161 78.602206 67.137009 64.633797 62.133571 59.636706 57.143644 54.654904 52.171106 66.296309 63.760100 61.224205 58.688665 56.153528 53.618852 51.084704 2.540000 1.270000 0.000000 1.270000 5.679613 5.236344 5.080000 5.236344 67.228281 66.992877 66.853216 66.809900 66.863115 67.012631 67.257806 59.661757 59.396372 59.238805 59.189916 59.249975 59.418651 59.695024 
150.495316 131.522607 91.054966 54.225115 88.398475 86.382033 84.393863 82.436010 80.510686 78.620281 76.767374 84.039165 81.915483 79.816131 77.743080 75.698489 73.684729 71.704396 94.194379 92.679507 91.210219 89.788753 88.417417 87.098578 85.834656 88.248218 86.629429 85.055693 83.529559 82.053681 80.630821 79.263832 68.389632 65.885051 63.383288 60.884692 58.389669 55.898698 53.412344 67.564521 65.028168 62.492111 59.956388 57.421043 54.886129 52.351707 3.810000 2.540000 1.270000 0.000000 6.350000 5.679613 5.236344 5.080000 67.381589 67.098664 66.911032 66.819494 66.824445 66.925865 67.123317 59.834455 59.515664 59.304044 59.200745 59.206334 59.320780 59.543456 
150.566850 126.084624 96.847009 51.051928 88.634827 86.735532 84.869757 83.039762 81.247965 79.496947 77.789463 83.827227 81.816404 79.835752 77.887571 75.974359 74.098827 72.263906 96.127637 94.745909 93.412821 92.130484 90.901047 89.726684 88.609584 89.879199 88.399858 86.969551 85.590735 84.265937 82.997744 81.788790 65.702576 63.244616 60.793401 58.349781 55.914751 53.489486 51.075376 64.243537 61.727506 59.213521 56.701855 54.192831 51.686833 49.184323 5.080000 5.236344 5.679613 6.350000 0.000000 1.270000 2.540000 3.810000 72.059970 71.930148 71.889891 71.939348 72.078335 72.306335 72.622511 64.460092 64.314932 64.269905 64.325221 64.480622 64.735387 65.088350 
151.559750 127.268669 96.559436 50.504266 89.596379 87.681125 85.798317 83.950140 82.138931 80.367190 78.637584 84.843283 82.818181 80.822167 78.857451 76.926430 75.031705 73.176097 96.836093 95.430823 94.073154 92.765175 91.509018 90.306844 89.160839 90.636509 89.133550 87.678424 86.273550 84.921423 83.624601 82.385696 66.933854 64.472801 62.018115 59.570583 57.131123 54.700817 52.280940 65.502246 62.985281 60.470242 57.957380 55.446991 52.939427 50.435109 5.236344 5.080000 5.236344 5.679613 1.270000 0.000000 1.270000 2.540000 72.158329 71.983886 71.898807 71.903409 71.997675 72.181253 72.453466 64.570030 64.375027 64.279878 64.285025 64.390445 64.595647 64.899684 
152.556761 128.454356 96.287756 49.982880 90.565533 88.634827 86.735532 84.869757 83.039762 81.247965 79.496947 85.866100 83.827227 81.816404 79.835752 77.887571 75.974359 74.098827 97.555938 96.127637 94.745909 93.412821 92.130484 90.901047 89.726684 91.405191 89.879199 88.399858 86.969551 85.590735 84.265937 82.997744 68.166552 65.702576 63.244616 60.793401 58.349781 55.914751 53.489486 66.761383 64.243537 61.727506 59.213521 56.701855 54.192831 51.686833 5.679613 5.236344 5.080000 5.236344 2.540000 1.270000 0.000000 1.270000 72.278873 72.059970 71.930148 71.889891 71.939348 72.078335 72.306335 64.704712 64.460092 64.314932 64.269905 64.325221 64.480622 64.735387 
153.557801 129.641639 96.032105 49.488599 91.542045 89.596379 87.681125 85.798317 83.950140 82.138931 80.367190 86.895440 84.843283 82.818181 80.822167 78.857451 76.926430 75.031705 98.286922 96.836093 95.430823 94.073154 92.765175 91.509018 90.306844 92.184960 90.636509 89.133550 87.678424 86.273550 84.921423 83.624601 69.400595 66.933854 64.472801 62.018115 59.570583 57.131123 54.700817 68.020924 65.502246 62.985281 60.470242 57.957380 55.446991 52.939427 6.350000 5.679613 5.236344 5.080000 3.810000 2.540000 1.270000 0.000000 72.421490 72.158329 71.983886 71.898807 71.903409 71.997675 72.181253 64.863985 64.570030 64.375027 64.279878 64.285025 64.390445 64.595647 
114.706718 162.830353 35.390988 120.866102 63.380055 60.902348 58.429991 55.963692 53.504290 51.052782 48.610360 65.448476 63.052102 60.667417 58.295853 55.939080 53.599050 51.278054 48.925933 46.423660 43.925718 41.432889 38.946158 36.466769 33.996331 48.239971 45.700154 43.160359 40.620589 38.080850 35.541148 33.001491 80.887184 79.062849 77.278941 75.538326 73.844065 72.199420 70.607859 86.306084 84.598686 82.933940 81.314466 79.743022 78.222502 76.755934 66.992877 67.098664 67.228281 67.381589 72.059970 72.158329 72.278873 72.421490 0.000000 2.540000 5.080000 7.620000 10.160000 12.700000 15.240000 7.620000 8.032185 9.158100 10.776307 12.700000 14.810618 17.038838 
117.199298 164.595772 33.456932 120.314001 65.862507 63.380055 60.902348 58.429991 55.963692 53.504290 51.052782 67.855299 65.448476 63.052102 60.667417 58.295853 55.939080 53.599050 51.431905 48.925933 46.423660 43.925718 41.432889 38.946158 36.466769 50.779807 48.239971 45.700154 43.160359 40.620589 38.080850 35.541148 82.749273 80.887184 79.062849 77.278941 75.538326 73.844065 72.199420 88.053653 86.306084 84.598686 82.933940 81.314466 79.743022 78.222502 66.853216 66.911032 66.992877 67.098664 71.930148 71.983886 72.059970 72.158329 2.540000 0.000000 2.540000 5.080000 7.620000 10.160000 12.700000 8.032185 7.620000 8.032185 9.158100 10.776307 12.700000 14.810618 
119.693872 166.381235 31.608761 119.813215 68.349189 65.862507 63.380055 60.902348 58.429991 55.963692 53.504290 70.271497 67.855299 65.448476 63.052102 60.667417 58.295853 55.939080 53.941060 51.431905 48.925933 46.423660 43.925718 41.432889 38.946158 53.319658 50.779807 48.239971 45.700154 43.160359 40.620589 38.080850 84.646624 82.749273 80.887184 79.062849 77.278941 75.538326 73.844065 89.839048 88.053653 86.306084 84.598686 82.933940 81.314466 79.743022 66.809900 66.819494 66.853216 66.911032 71.889891 71.898807 71.930148 71.983886 5.080000 2.540000 0.000000 2.540000 5.080000 7.620000 10.160000 9.158100 8.032185 7.620000 8.032185 9.158100 10.776307 12.700000 
122.190317 168.186106 29.862426 119.364388 70.839654 68.349189 65.862507 63.380055 60.902348 58.429991 55.963692 72.696137 70.271497 67.855299 65.448476 63.052102 60.667417 58.295853 56.452975 53.941060 51.431905 48.925933 46.423660 43.925718 41.432889 55.859523 53.319658 50.779807 48.239971 45.700154 43.160359 40.620589 86.576920 84.646624 82.749273 80.887184 79.062849 77.278941 75.538326 91.660060 89.839048 88.053653 86.306084 84.598686 82.933940 81.314466 66.863115 66.824445 66.809900 66.819494 71.939348 71.903409 71.889891 71.898807 7.620000 5.080000 2.540000 0.000000 2.540000 5.080000 7.620000 10.776307 9.158100 8.032185 7.620000 8.032185 9.158100 10.776307 
124.688522 170.009765 28.236827 118.968109 73.333517 70.839654 68.349189 65.862507 63.380055 60.902348 58.429991 75.128400 72.696137 70.271497 67.855299 65.448476 63.052102 60.667417 58.967295 56.452975 53.941060 51.431905 48.925933 46.423660 43.925718 58.399399 55.859523 53.319658 50.779807 48.239971 45.700154 43.160359 88.538005 86.576920 84.646624 82.749273 80.887184 79.062849 77.278941 93.514608 91.660060 89.839048 88.053653 86.306084 84.598686 82.933940 67.012631 66.925865 66.863115 66.824445 72.078335 71.997675 71.939348 71.903409 10.160000 7.620000 5.080000 2.540000 0.000000 2.540000 5.080000 12.700000 10.776307 9.158100 8.032185 7.620000 8.032185 9.158100 
127.188382 171.851614 26.753981 118.624905 75.830443 73.333517 70.839654 68.349189 65.862507 63.380055 60.902348 77.567569 75.128400 72.696137 70.271497 67.855299 65.448476 63.052102 61.483726 58.967295 56.452975 53.941060 51.431905 48.925933 46.423660 60.939286 58.399399 55.859523 53.319658 50.779807 48.239971 45.700154 90.527878 88.538005 86.576920 84.646624 82.749273 80.887184 79.062849 95.400736 93.514608 91.660060 89.839048 88.053653 86.306084 84.598686 67.257806 67.123317 67.012631 66.925865 72.306335 72.181253 72.078335 71.997675 12.700000 10.160000 7.620000 5.080000 2.540000 0.000000 2.540000 14.810618 12.700000 10.776307 9.158100 8.032185 7.620000 8.032185 
129.689802 173.711075 25.438863 118.335237 78.330139 75.830443 73.333517 70.839654 68.349189 65.862507 63.380055 80.013014 77.567569 75.128400 72.696137 70.271497 67.855299 65.448476 64.002020 61.483726 58.967295 56.452975 53.941060 51.431905 48.925933 63.479181 60.939286 58.399399 55.859523 53.319658 50.779807 48.239971 92.544683 90.527878 88.538005 86.576920 84.646624 82.749273 80.887184 97.316607 95.400736 93.514608 91.660060 89.839048 88.053653 86.306084 67.597599 67.415955 67.257806 67.123317 72.622511 72.453466 72.306335 72.181253 15.240000 12.700000 10.160000 7.620000 5.080000 2.540000 0.000000 17.038838 14.810618 12.700000 10.776307 9.158100 8.032185 7.620000 
116.428272 157.410403 40.625526 113.458918 62.182702 59.655286 57.128985 54.603956 52.080382 49.558487 47.038540 63.380055 60.902348 58.429991 55.963692 53.504290 51.052782 48.610360 50.759510 48.352219 45.959216 43.582855 41.226012 38.892238 36.585946 48.925933 46.423660 43.925718 41.432889 38.946158 36.466769 33.996331 75.847621 73.898979 71.987221 70.115361 68.286683 66.504747 64.773412 80.887184 79.062849 77.278941 75.538326 73.844065 72.199420 70.607859 59.396372 59.515664 59.661757 59.834455 64.460092 64.570030 64.704712 64.863985 7.620000 8.032185 9.158100 10.776307 12.700000 14.810618 17.038838 0.000000 2.540000 5.080000 7.620000 10.160000 12.700000 15.240000 
118.884763 159.235924 38.952248 112.870591 64.711104 62.182702 59.655286 57.128985 54.603956 52.080382 49.558487 65.862507 63.380055 60.902348 58.429991 55.963692 53.504290 51.052782 53.179148 50.759510 48.352219 45.959216 43.582855 41.226012 38.892238 51.431905 48.925933 46.423660 43.925718 41.432889 38.946158 36.466769 77.830375 75.847621 73.898979 71.987221 70.115361 68.286683 66.504747 82.749273 80.887184 79.062849 77.278941 75.538326 73.844065 72.199420 59.238805 59.304044 59.396372 59.515664 64.314932 64.375027 64.460092 64.570030 8.032185 7.620000 8.032185 9.158100 10.776307 12.700000 14.810618 2.540000 0.000000 2.540000 5.080000 7.620000 10.160000 12.700000 
121.344692 161.080809 37.376800 112.336627 67.240381 64.711104 62.182702 59.655286 57.128985 54.603956 52.080382 68.349189 65.862507 63.380055 60.902348 58.429991 55.963692 53.504290 55.609522 53.179148 50.759510 48.352219 45.959216 43.582855 41.226012 53.941060 51.431905 48.925933 46.423660 43.925718 41.432889 38.946158 79.844700 77.830375 75.847621 73.898979 71.987221 70.115361 68.286683 84.646624 82.749273 80.887184 79.062849 77.278941 75.538326 73.844065 59.189916 59.200745 59.238805 59.304044 64.269905 64.279878 64.314932 64.375027 9.158100 8.032185 7.620000 8.032185 9.158100 10.776307 12.700000 5.080000 2.540000 0.000000 2.540000 5.080000 7.620000 10.160000 
123.807855 162.944400 35.912057 111.857805 69.770436 67.240381 64.711104 62.182702 59.655286 57.128985 54.603956 70.839654 68.349189 65.862507 63.380055 60.902348 58.429991 55.963692 58.049283 55.609522 53.179148 50.759510 48.352219 45.959216 43.582855 56.452975 53.941060 51.431905 48.925933 46.423660 43.925718 41.432889 81.888266 79.844700 77.830375 75.847621 73.898979 71.987221 70.115361 86.576920 84.646624 82.749273 80.887184 79.062849 77.278941 75.538326 59.249975 59.206334 59.189916 59.200745 64.325221 64.285025 64.269905 64.279878 10.776307 9.158100 8.032185 7.620000 8.032185 9.158100 10.776307 7.620000 5.080000 2.540000 0.000000 2.540000 5.080000 7.620000 
126.274062 164.826064 34.572095 111.434835 72.301189 69.770436 67.240381 64.711104 62.182702 59.655286 57.128985 73.333517 70.839654 68.349189 65.862507 63.380055 60.902348 58.429991 60.497296 58.049283 55.609522 53.179148 50.759510 48.352219 45.959216 58.967295 56.452975 53.941060 51.431905 48.925933 46.423660 43.925718 83.958939 81.888266 79.844700 77.830375 75.847621 73.898979 71.987221 88.538005 86.576920 84.646624 82.749273 80.887184 79.062849 77.278941 59.418651 59.320780 59.249975 59.206334 64.480622 64.390445 64.325221 64.285025 12.700000 10.776307 9.158100 8.032185 7.620000 8.032185 9.158100 10.160000 7.620000 5.080000 2.540000 0.000000 2.540000 5.080000 
128.743139 166.725189 33.371947 111.068355 74.832568 72.301189 69.770436 67.240381 64.711104 62.182702 59.655286 75.830443 73.333517 70.839654 68.349189 65.862507 63.380055 60.902348 62.952597 60.497296 58.049283 55.609522 53.179148 50.759510 48.352219 61.483726 58.967295 56.452975 53.941060 51.431905 48.925933 46.423660 86.054761 83.958939 81.888266 79.844700 77.830375 75.847621 73.898979 90.527878 88.538005 86.576920 84.646624 82.749273 80.887184 79.062849 59.695024 59.543456 59.418651 59.320780 64.735387 64.595647 64.480622 64.390445 14.810618 12.700000 10.776307 9.158100 8.032185 7.620000 8.032185 12.700000 10.160000 7.620000 5.080000 2.540000 0.000000 2.540000 
131.214924 168.641184 32.327189 110.758926 77.364513 74.832568 72.301189 69.770436 67.240381 64.711104 62.182702 78.330139 75.830443 73.333517 70.839654 68.349189 65.862507 63.380055 65.414367 62.952597 60.497296 58.049283 55.609522 53.179148 50.759510 64.002020 61.483726 58.967295 56.452975 53.941060 51.431905 48.925933 88.173939 86.054761 83.958939 81.888266 79.844700 77.830375 75.847621 92.544683 90.527878 88.538005 86.576920 84.646624 82.749273 80.887184 60.077607 59.873153 59.695024 59.543456 65.088350 64.899684 64.735387 64.595647 17.038838 14.810618 12.700000 10.776307 9.158100 8.032185 7.620000 15.240000 12.700000 10.160000 7.620000 5.080000 2.540000 0.000000 
