56
# Circuit board instance
Size: large
Nodes: 56
0.000000 140.000000 140.000000 197.989899 136.519580 138.747575 140.986123 143.234727 145.492923 147.760270 150.036354 140.366793 142.534664 144.714642 146.906188 149.108791 151.321969 153.545264 125.810569 127.210360 128.645075 130.113558 131.614680 117.548317 118.215036 118.932274 119.699123 120.514636 121.377832 122.287701 124.936356 125.563852 126.239344 126.962066 127.731217 128.545962 129.405441 39.998460 40.684747 41.515343 42.481784 43.575032 44.785802 46.104836 47.429812 48.009988 48.715850 49.542025 50.482608 51.531334 52.681745 18.111663 18.712975 19.627067 20.812767 22.226651 
140.000000 0.000000 197.989899 140.000000 140.474346 142.640583 144.818967 147.008957 149.210043 151.421742 153.643593 136.618750 138.845154 141.082153 143.329251 145.585981 147.851901 150.126595 127.523986 126.116388 124.744631 123.409909 122.113438 39.622725 41.558972 43.557309 45.609576 47.708813 49.849087 52.025334 35.040643 37.216051 39.435080 41.690763 43.977462 46.290580 48.626347 101.635342 101.907383 102.241820 102.638043 103.095341 103.612905 104.189836 94.052395 94.346303 94.707444 95.135053 95.628237 96.185988 96.807191 138.069350 135.551055 133.033586 130.516989 128.001317 
140.000000 197.989899 0.000000 140.000000 69.206873 68.495878 67.872546 67.339311 66.898329 66.551432 66.300099 76.516875 75.874410 75.312172 74.831969 74.435389 74.123775 73.898200 76.625568 78.902814 81.195650 83.502793 85.823088 158.459176 156.701303 154.965123 153.251374 151.560816 149.894235 148.252438 164.014624 162.316927 160.641451 158.988899 157.359993 155.755475 154.176107 136.027515 133.595123 131.166809 128.742806 126.323361 123.908741 121.499235 138.395069 136.005026 133.620515 131.241839 128.869321 126.503306 124.144167 122.192728 122.283302 122.426517 122.622191 122.870071 
197.989899 140.000000 140.000000 0.000000 76.713999 76.073199 75.512441 75.033520 74.638011 74.327246 74.102291 69.402295 68.693322 68.071798 67.540136 67.100474 66.754628 66.504062 79.407464 77.126660 74.862549 72.616693 70.390838 113.409277 110.939857 108.473697 106.011023 103.552086 101.097157 98.646536 111.890796 109.387102 106.885121 104.384977 101.886804 99.390751 96.896983 165.025304 163.026141 161.042224 159.074121 157.122428 155.187764 153.270774 160.466386 158.409700 156.367222 154.339516 152.327173 150.330810 148.351071 183.483449 181.596032 179.724693 177.869938 176.032291 
136.519580 140.474346 69.206873 76.713999 0.000000 2.540000 5.080000 7.620000 10.160000 12.700000 15.240000 7.620000 8.032185 9.158100 10.776307 12.700000 14.810618 17.038838 14.096390 14.736320 15.764302 17.110538 18.706443 101.647340 99.410901 97.189381 94.983829 92.795381 90.625278 88.474869 105.434774 103.280381 101.143886 99.026449 96.929318 94.853840 92.801468 113.161098 110.697622 108.237684 105.781530 103.329430 100.881681 98.438605 111.570462 109.071066 106.573590 104.078172 101.584965 99.094134 96.605863 119.555897 118.237178 116.958758 115.721973 114.528172 
138.747575 142.640583 68.495878 76.073199 2.540000 0.000000 2.540000 5.080000 7.620000 10.160000 12.700000 8.032185 7.620000 8.032185 9.158100 10.776307 12.700000 14.810618 16.605932 17.152489 18.043336 19.230686 20.663489 103.897736 101.647340 99.410901 97.189381 94.983829 92.795381 90.625278 107.605991 105.434774 103.280381 101.143886 99.026449 96.929318 94.853840 115.627885 113.161098 110.697622 108.237684 105.781530 103.329430 100.881681 114.071651 111.570462 109.071066 106.573590 104.078172 101.584965 99.094134 121.722008 120.427010 119.172084 117.958508 116.787572 
140.986123 144.818967 67.872546 75.512441 5.080000 2.540000 0.000000 2.540000 5.080000 7.620000 10.160000 9.158100 8.032185 7.620000 8.032185 9.158100 10.776307 12.700000 19.123519 19.599996 20.384160 21.442277 22.736133 106.161200 103.897736 101.647340 99.410901 97.189381 94.983829 92.795381 109.793034 107.605991 105.434774 103.280381 101.143886 99.026449 96.929318 118.097776 115.627885 113.161098 110.697622 108.237684 105.781530 103.329430 116.574519 114.071651 111.570462 109.071066 106.573590 104.078172 101.584965 123.902320 122.630350 121.398202 120.207103 119.058283 
143.234727 147.008957 67.339311 75.033520 7.620000 5.080000 2.540000 0.000000 2.540000 5.080000 7.620000 10.776307 9.158100 8.032185 7.620000 8.032185 9.158100 10.776307 21.646342 22.068417 22.767721 23.719748 24.895520 108.436915 106.161200 103.897736 101.647340 99.410901 97.189381 94.983829 111.994975 109.793034 107.605991 105.434774 103.280381 101.143886 99.026449 120.570580 118.097776 115.627885 113.161098 110.697622 108.237684 105.781530 119.078960 116.574519 114.071651 111.570462 109.071066 106.573590 104.078172 126.096099 124.846481 123.636421 122.467092 121.339671 
145.492923 149.210043 66.898329 74.638011 10.160000 7.620000 5.080000 2.540000 0.000000 2.540000 5.080000 12.700000 10.776307 9.158100 8.032185 7.620000 8.032185 9.158100 24.172764 24.551444 25.181888 26.045821 27.120938 110.724125 108.436915 106.161200 103.897736 101.647340 99.410901 97.189381 114.210953 111.994975 109.793034 107.605991 105.434774 103.280381 101.143886 123.046122 120.570580 118.097776 115.627885 113.161098 110.697622 108.237684 121.584875 119.078960 116.574519 114.071651 111.570462 109.071066 106.573590 128.302651 127.074734 125.886095 124.737857 123.631145 
147.760270 151.421742 66.551432 74.327246 12.700000 10.160000 7.620000 5.080000 2.540000 0.000000 2.540000 14.810618 12.700000 10.776307 9.158100 8.032185 7.620000 8.032185 26.701762 27.045055 27.618636 28.408562 29.397396 113.022132 110.724125 108.436915 106.161200 103.897736 101.647340 99.410901 116.440166 114.210953 111.994975 109.793034 107.605991 105.434774 103.280381 125.524239 123.046122 120.570580 118.097776 115.627885 113.161098 110.697622 124.092177 121.584875 119.078960 116.574519 114.071651 111.570462 109.071066 130.521331 129.314483 128.146620 127.018819 125.932155 
150.036354 153.643593 66.300099 74.102291 15.240000 12.700000 10.160000 7.620000 5.080000 2.540000 0.000000 17.038838 14.810618 12.700000 10.776307 9.158100 8.032185 7.620000 29.232667 29.546569 30.072477 30.799532 31.713903 115.330291 113.022132 110.724125 108.436915 106.161200 103.897736 101.647340 118.681869 116.440166 114.210953 111.994975 109.793034 107.605991 105.434774 128.004782 125.524239 123.046122 120.570580 118.097776 115.627885 113.161098 126.600783 124.092177 121.584875 119.078960 116.574519 114.071651 111.570462 132.751529 131.565140 130.417433 129.309439 128.242186 
140.366793 136.618750 76.516875 69.402295 7.620000 8.032185 9.158100 10.776307 12.700000 14.810618 17.038838 0.000000 2.540000 5.080000 7.620000 10.160000 12.700000 15.240000 14.858490 14.160368 13.898220 14.096390 14.736320 98.305649 95.991386 93.688819 91.398833 89.122397 86.860578 84.614546 101.647340 99.410901 97.189381 94.983829 92.795381 90.625278 88.474869 115.234669 112.816481 110.403764 107.996884 105.596241 103.202270 100.815445 113.161098 110.697622 108.237684 105.781530 103.329430 100.881681 98.438605 123.740772 122.308981 120.913598 119.555897 118.237178 
142.534664 138.845154 75.874410 68.693322 8.032185 7.620000 8.032185 9.158100 10.776307 12.700000 14.810618 2.540000 0.000000 2.540000 5.080000 7.620000 10.160000 12.700000 17.257563 16.660276 16.438044 16.605932 17.152489 100.630802 98.305649 95.991386 93.688819 91.398833 89.122397 86.860578 103.897736 101.647340 99.410901 97.189381 94.983829 92.795381 90.625278 117.657990 115.234669 112.816481 110.403764 107.996884 105.596241 103.202270 115.627885 113.161098 110.697622 108.237684 105.781530 103.329430 100.881681 125.834866 124.427173 123.055811 121.722008 120.427010 
144.714642 141.082153 75.312172 68.071798 9.158100 8.032185 7.620000 8.032185 9.158100 10.776307 12.700000 5.080000 2.540000 0.000000 2.540000 5.080000 7.620000 10.160000 19.692015 19.170727 18.977915 19.123519 19.599996 102.966107 100.630802 98.305649 95.991386 93.688819 91.398833 89.122397 106.161200 103.897736 101.647340 99.410901 97.189381 94.983829 92.795381 120.086134 117.657990 115.234669 112.816481 110.403764 107.996884 105.596241 118.097776 115.627885 113.161098 110.697622 108.237684 105.781530 103.329430 127.945110 126.560892 125.212901 123.902320 122.630350 
146.906188 143.329251 74.831969 67.540136 10.776307 9.158100 8.032185 7.620000 8.032185 9.158100 10.776307 7.620000 5.080000 2.540000 0.000000 2.540000 5.080000 7.620000 22.150184 21.688060 21.517817 21.646342 22.068417 105.310889 102.966107 100.630802 98.305649 95.991386 93.688819 91.398833 108.436915 106.161200 103.897736 101.647340 99.410901 97.189381 94.983829 122.518814 120.086134 117.657990 115.234669 112.816481 110.403764 107.996884 120.570580 118.097776 115.627885 113.161098 110.697622 108.237684 105.781530 130.070721 128.709364 127.384111 126.096099 124.846481 
149.108791 145.585981 74.435389 67.100474 12.700000 10.776307 9.158100 8.032185 7.620000 8.032185 9.158100 10.160000 7.620000 5.080000 2.540000 0.000000 2.540000 5.080000 24.624967 24.210128 24.057739 24.172764 24.551444 107.664529 105.310889 102.966107 100.630802 98.305649 95.991386 93.688819 110.724125 108.436915 106.161200 103.897736 101.647340 99.410901 97.189381 124.955764 122.518814 120.086134 117.657990 115.234669 112.816481 110.403764 123.046122 120.570580 118.097776 115.627885 113.161098 110.697622 108.237684 132.210955 130.871863 129.568730 128.302651 127.074734 
151.321969 147.851901 74.123775 66.754628 14.810618 12.700000 10.776307 9.158100 8.032185 7.620000 8.032185 12.700000 10.160000 7.620000 5.080000 2.540000 0.000000 2.540000 27.111816 26.735592 26.597676 26.701762 27.045055 110.026457 107.664529 105.310889 102.966107 100.630802 98.305649 95.991386 113.022132 110.724125 108.436915 106.161200 103.897736 101.647340 99.410901 127.396741 124.955764 122.518814 120.086134 117.657990 115.234669 112.816481 125.524239 123.046122 120.570580 118.097776 115.627885 113.161098 110.697622 134.365115 133.047706 131.766093 130.521331 129.314483 
153.545264 150.126595 73.898200 66.504062 17.038838 14.810618 12.700000 10.776307 9.158100 8.032185 7.620000 15.240000 12.700000 10.160000 7.620000 5.080000 2.540000 0.000000 29.607691 29.263572 29.137624 29.232667 29.546569 112.396152 110.026457 107.664529 105.310889 102.966107 100.630802 98.305649 115.330291 113.022132 110.724125 108.436915 106.161200 103.897736 101.647340 129.841516 127.396741 124.955764 122.518814 120.086134 117.657990 115.234669 128.004782 125.524239 123.046122 120.570580 118.097776 115.627885 113.161098 136.532541 135.236248 133.975572 132.751529 131.565140 
125.810569 127.523986 76.625568 79.407464 14.096390 16.605932 19.123519 21.646342 24.172764 26.701762 29.232667 14.858490 17.257563 19.692015 22.150184 24.624967 27.111816 29.607691 0.000000 2.540000 5.080000 7.620000 10.160000 88.375771 86.204521 84.053943 81.925664 79.821467 77.743309 75.693333 92.512641 90.440762 88.393310 86.372023 84.378780 82.415617 80.484735 100.401170 97.977148 95.559151 93.147649 90.743158 88.346252 85.957564 98.422207 95.948202 93.477737 91.011100 88.548612 86.090627 83.637544 109.388059 107.889600 106.430669 105.012914 103.638024 
127.210360 126.116388 78.902814 77.126660 14.736320 17.152489 19.599996 22.068417 24.551444 27.045055 29.546569 14.160368 16.660276 19.170727 21.688060 24.210128 26.735592 29.263572 2.540000 0.000000 2.540000 5.080000 7.620000 87.101354 84.897518 82.712964 80.549261 78.408135 76.291488 74.201413 91.083743 88.978598 86.896702 84.839765 82.809649 80.808375 78.838139 101.179820 98.774909 96.376929 93.986411 91.603940 89.230159 86.865781 99.021120 96.562461 94.108123 91.658452 89.213834 86.774694 84.341510 110.924444 109.388059 107.889600 106.430669 105.012914 
128.645075 124.744631 81.195650 74.862549 15.764302 18.043336 20.384160 22.767721 25.181888 27.618636 30.072477 13.898220 16.438044 18.977915 21.517817 24.057739 26.597676 29.137624 5.080000 2.540000 0.000000 2.540000 5.080000 85.883166 83.647240 81.429151 79.230396 77.052631 74.897686 72.767589 89.704019 87.565710 85.449397 83.356754 81.289610 79.249960 77.239982 102.015784 99.631054 97.254186 94.885772 92.526461 90.176968 87.838079 99.681177 97.239208 94.802392 92.371135 89.945888 87.527152 85.115480 112.497202 110.924444 109.388059 107.889600 106.430669 
130.113558 123.409909 83.502793 72.616693 17.110538 19.230686 21.442277 23.719748 26.045821 28.408562 30.799532 14.096390 16.605932 19.123519 21.646342 24.172764 26.701762 29.232667 7.620000 5.080000 2.540000 0.000000 2.540000 84.723631 82.456269 80.205250 77.971990 75.758058 73.565201 71.395360 88.375771 86.204521 84.053943 81.925664 79.821467 77.743309 75.693333 102.907666 100.544092 98.189328 95.844026 93.508896 91.184719 88.872356 100.401170 97.977148 95.559151 93.147649 90.743158 88.346252 85.957564 114.104827 112.497202 110.924444 109.388059 107.889600 
131.614680 122.113438 85.823088 70.390838 18.706443 20.663489 22.736133 24.895520 27.120938 29.397396 31.713903 14.736320 17.152489 19.599996 22.068417 24.551444 27.045055 29.546569 10.160000 7.620000 5.080000 2.540000 0.000000 83.625189 81.327209 79.044043 76.777014 74.527593 72.297424 70.088345 87.101354 84.897518 82.712964 80.549261 78.408135 76.291488 74.201413 103.854024 101.512487 99.180718 96.859424 94.549375 92.251416 89.966474 101.179820 98.774909 96.376929 93.986411 91.603940 89.230159 86.865781 115.745868 114.104827 112.497202 110.924444 109.388059 
117.548317 39.622725 158.459176 113.409277 101.647340 103.897736 106.161200 108.436915 110.724125 113.022132 115.330291 98.305649 100.630802 102.966107 105.310889 107.664529 110.026457 112.396152 88.375771 87.101354 85.883166 84.723631 83.625189 0.000000 2.540000 5.080000 7.620000 10.160000 12.700000 15.240000 7.620000 8.032185 9.158100 10.776307 12.700000 14.810618 17.038838 77.554252 76.936972 76.399191 75.942600 75.568669 75.278630 75.073456 70.220726 69.538378 68.942910 68.436590 68.021409 67.699043 67.470824 111.282888 108.757606 106.233027 103.709200 101.186183 
118.215036 41.558972 156.701303 110.939857 99.410901 101.647340 103.897736 106.161200 108.436915 110.724125 113.022132 95.991386 98.305649 100.630802 102.966107 105.310889 107.664529 110.026457 86.204521 84.897518 83.647240 82.456269 81.327209 2.540000 0.000000 2.540000 5.080000 7.620000 10.160000 12.700000 8.032185 7.620000 8.032185 9.158100 10.776307 12.700000 14.810618 78.249151 77.554252 76.936972 76.399191 75.942600 75.568669 75.278630 70.987449 70.220726 69.538378 68.942910 68.436590 68.021409 67.699043 111.581404 109.063034 106.545692 104.029451 101.514394 
118.932274 43.557309 154.965123 108.473697 97.189381 99.410901 101.647340 103.897736 106.161200 108.436915 110.724125 93.688819 95.991386 98.305649 100.630802 102.966107 105.310889 107.664529 84.053943 82.712964 81.429151 80.205250 79.044043 5.080000 2.540000 0.000000 2.540000 5.080000 7.620000 10.160000 9.158100 8.032185 7.620000 8.032185 9.158100 10.776307 12.700000 79.019620 78.249151 77.554252 76.936972 76.399191 75.942600 75.568669 71.835846 70.987449 70.220726 69.538378 68.942910 68.436590 68.021409 111.936774 109.426584 106.917801 104.410528 101.904877 
119.699123 45.609576 153.251374 106.011023 94.983829 97.189381 99.410901 101.647340 103.897736 106.161200 108.436915 91.398833 93.688819 95.991386 98.305649 100.630802 102.966107 105.310889 81.925664 80.549261 79.230396 77.971990 76.777014 7.620000 5.080000 2.540000 0.000000 2.540000 5.080000 7.620000 10.776307 9.158100 8.032185 7.620000 8.032185 9.158100 10.776307 79.863473 79.019620 78.249151 77.554252 76.936972 76.399191 75.942600 72.763059 71.835846 70.987449 70.220726 69.538378 68.942910 68.436590 112.348459 109.847677 107.348736 104.851769 102.356919 
120.514636 47.708813 151.560816 103.552086 92.795381 94.983829 97.189381 99.410901 101.647340 103.897736 106.161200 89.122397 91.398833 93.688819 95.991386 98.305649 100.630802 102.966107 79.821467 78.408135 77.052631 75.758058 74.527593 10.160000 7.620000 5.080000 2.540000 0.000000 2.540000 5.080000 12.700000 10.776307 9.158100 8.032185 7.620000 8.032185 9.158100 80.778410 79.863473 79.019620 78.249151 77.554252 76.936972 76.399191 73.766116 72.763059 71.835846 70.987449 70.220726 69.538378 68.942910 112.815843 110.325656 107.837792 105.352416 102.869708 
121.377832 49.849087 149.894235 101.097157 90.625278 92.795381 94.983829 97.189381 99.410901 101.647340 103.897736 86.860578 89.122397 91.398833 93.688819 95.991386 98.305649 100.630802 77.743309 76.291488 74.897686 73.565201 72.297424 12.700000 10.160000 7.620000 5.080000 2.540000 0.000000 2.540000 14.810618 12.700000 10.776307 9.158100 8.032185 7.620000 8.032185 81.762044 80.778410 79.863473 79.019620 78.249151 77.554252 76.936972 74.841969 73.766116 72.763059 71.835846 70.987449 70.220726 69.538378 113.338236 110.859783 108.384181 105.911627 103.442343 
122.287701 52.025334 148.252438 98.646536 88.474869 90.625278 92.795381 94.983829 97.189381 99.410901 101.647340 84.614546 86.860578 89.122397 91.398833 93.688819 95.991386 98.305649 75.693333 74.201413 72.767589 71.395360 70.088345 15.240000 12.700000 10.160000 7.620000 5.080000 2.540000 0.000000 17.038838 14.810618 12.700000 10.776307 9.158100 8.032185 7.620000 82.811928 81.762044 80.778410 79.863473 79.019620 78.249151 77.554252 75.987524 74.841969 73.766116 72.763059 71.835846 70.987449 70.220726 113.914882 111.449254 108.987041 106.528481 104.073833 
124.936356 35.040643 164.014624 111.890796 105.434774 107.605991 109.793034 111.994975 114.210953 116.440166 118.681869 101.647340 103.897736 106.161200 108.436915 110.724125 113.022132 115.330291 92.512641 91.083743 89.704019 88.375771 87.101354 7.620000 8.032185 9.158100 10.776307 12.700000 14.810618 17.038838 0.000000 2.540000 5.080000 7.620000 10.160000 12.700000 15.240000 84.938227 84.374985 83.884903 83.469269 83.129201 82.865629 82.679285 77.554252 76.936972 76.399191 75.942600 75.568669 75.278630 75.073456 118.862496 116.335373 113.808824 111.282888 108.757606 
125.563852 37.216051 162.316927 109.387102 103.280381 105.434774 107.605991 109.793034 111.994975 114.210953 116.440166 99.410901 101.647340 103.897736 106.161200 108.436915 110.724125 113.022132 90.440762 88.978598 87.565710 86.204521 84.897518 8.032185 7.620000 8.032185 9.158100 10.776307 12.700000 14.810618 2.540000 0.000000 2.540000 5.080000 7.620000 10.160000 12.700000 85.573185 84.938227 84.374985 83.884903 83.469269 83.129201 82.865629 78.249151 77.554252 76.936972 76.399191 75.942600 75.568669 75.278630 119.142022 116.620957 114.100732 111.581404 109.063034 
126.239344 39.435080 160.641451 106.885121 101.143886 103.280381 105.434774 107.605991 109.793034 111.994975 114.210953 97.189381 99.410901 101.647340 103.897736 106.161200 108.436915 110.724125 88.393310 86.896702 85.449397 84.053943 82.712964 9.158100 8.032185 7.620000 8.032185 9.158100 10.776307 12.700000 5.080000 2.540000 0.000000 2.540000 5.080000 7.620000 10.160000 86.278275 85.573185 84.938227 84.374985 83.884903 83.469269 83.129201 79.019620 78.249151 77.554252 76.936972 76.399191 75.942600 75.568669 119.474906 116.961016 114.448280 111.936774 109.426584 
126.962066 41.690763 158.988899 104.384977 99.026449 101.143886 103.280381 105.434774 107.605991 109.793034 111.994975 94.983829 97.189381 99.410901 101.647340 103.897736 106.161200 108.436915 86.372023 84.839765 83.356754 81.925664 80.549261 10.776307 9.158100 8.032185 7.620000 8.032185 9.158100 10.776307 7.620000 5.080000 2.540000 0.000000 2.540000 5.080000 7.620000 87.051794 86.278275 85.573185 84.938227 84.374985 83.884903 83.469269 79.863473 79.019620 78.249151 77.554252 76.936972 76.399191 75.942600 119.860703 117.355078 114.850963 112.348459 109.847677 
127.731217 43.977462 157.359993 101.886804 96.929318 99.026449 101.143886 103.280381 105.434774 107.605991 109.793034 92.795381 94.983829 97.189381 99.410901 101.647340 103.897736 106.161200 84.378780 82.809649 81.289610 79.821467 78.408135 12.700000 10.776307 9.158100 8.032185 7.620000 8.032185 9.158100 10.160000 7.620000 5.080000 2.540000 0.000000 2.540000 5.080000 87.891933 87.051794 86.278275 85.573185 84.938227 84.374985 83.884903 80.778410 79.863473 79.019620 78.249151 77.554252 76.936972 76.399191 120.298904 117.802599 115.308204 112.815843 110.325656 
128.545962 46.290580 155.755475 99.390751 94.853840 96.929318 99.026449 101.143886 103.280381 105.434774 107.605991 90.625278 92.795381 94.983829 97.189381 99.410901 101.647340 103.897736 82.415617 80.808375 79.249960 77.743309 76.291488 14.810618 12.700000 10.776307 9.158100 8.032185 7.620000 8.032185 12.700000 10.160000 7.620000 5.080000 2.540000 0.000000 2.540000 88.796804 87.891933 87.051794 86.278275 85.573185 84.938227 84.374985 81.762044 80.778410 79.863473 79.019620 78.249151 77.554252 76.936972 120.788938 118.302974 115.819356 113.338236 110.859783 
129.405441 48.626347 154.176107 96.896983 92.801468 94.853840 96.929318 99.026449 101.143886 103.280381 105.434774 88.474869 90.625278 92.795381 94.983829 97.189381 99.410901 101.647340 80.484735 78.838139 77.239982 75.693333 74.201413 17.038838 14.810618 12.700000 10.776307 9.158100 8.032185 7.620000 15.240000 12.700000 10.160000 7.620000 5.080000 2.540000 0.000000 89.764447 88.796804 87.891933 87.051794 86.278275 85.573185 84.938227 82.811928 81.762044 80.778410 79.863473 79.019620 78.249151 77.554252 121.330178 118.855535 116.383709 113.914882 111.449254 
39.998460 101.635342 136.027515 165.025304 113.161098 115.627885 118.097776 120.570580 123.046122 125.524239 128.004782 115.234669 117.657990 120.086134 122.518814 124.955764 127.396741 129.841516 100.401170 101.179820 102.015784 102.907666 103.854024 77.554252 78.249151 79.019620 79.863473 80.778410 81.762044 82.811928 84.938227 85.573185 86.278275 87.051794 87.891933 88.796804 89.764447 0.000000 2.540000 5.080000 7.620000 10.160000 12.700000 15.240000 7.620000 8.032185 9.158100 10.776307 12.700000 14.810618 17.038838 36.665481 34.194814 31.735097 29.289087 26.860529 
40.684747 101.907383 133.595123 163.026141 110.697622 113.161098 115.627885 118.097776 120.570580 123.046122 125.524239 112.816481 115.234669 117.657990 120.086134 122.518814 124.955764 127.396741 97.977148 98.774909 99.631054 100.544092 101.512487 76.936972 77.554252 78.249151 79.019620 79.863473 80.778410 81.762044 84.374985 84.938227 85.573185 86.278275 87.051794 87.891933 88.796804 2.540000 0.000000 2.540000 5.080000 7.620000 10.160000 12.700000 8.032185 7.620000 8.032185 9.158100 10.776307 12.700000 14.810618 36.181073 33.674885 31.174171 28.680362 26.195430 
41.515343 102.241820 131.166809 161.042224 108.237684 110.697622 113.161098 115.627885 118.097776 120.570580 123.046122 110.403764 112.816481 115.234669 117.657990 120.086134 122.518814 124.955764 95.559151 96.376929 97.254186 98.189328 99.180718 76.399191 76.936972 77.554252 78.249151 79.019620 79.863473 80.778410 83.884903 84.374985 84.938227 85.573185 86.278275 87.051794 87.891933 5.080000 2.540000 0.000000 2.540000 5.080000 7.620000 10.160000 9.158100 8.032185 7.620000 8.032185 9.158100 10.776307 12.700000 35.870403 33.340870 30.813060 28.287433 25.764633 
42.481784 102.638043 128.742806 159.074121 105.781530 108.237684 110.697622 113.161098 115.627885 118.097776 120.570580 107.996884 110.403764 112.816481 115.234669 117.657990 120.086134 122.518814 93.147649 93.986411 94.885772 95.844026 96.859424 75.942600 76.399191 76.936972 77.554252 78.249151 79.019620 79.863473 83.469269 83.884903 84.374985 84.938227 85.573185 86.278275 87.051794 7.620000 5.080000 2.540000 0.000000 2.540000 5.080000 7.620000 10.776307 9.158100 8.032185 7.620000 8.032185 9.158100 10.776307 35.738001 33.198382 30.658826 28.119350 25.579978 
43.575032 103.095341 126.323361 157.122428 103.329430 105.781530 108.237684 110.697622 113.161098 115.627885 118.097776 105.596241 107.996884 110.403764 112.816481 115.234669 117.657990 120.086134 90.743158 91.603940 92.526461 93.508896 94.549375 75.568669 75.942600 76.399191 76.936972 77.554252 78.249151 79.019620 83.129201 83.469269 83.884903 84.374985 84.938227 85.573185 86.278275 10.160000 7.620000 5.080000 2.540000 0.000000 2.540000 5.080000 12.700000 10.776307 9.158100 8.032185 7.620000 8.032185 9.158100 35.785848 33.249883 30.714585 28.180135 25.646782 
44.785802 103.612905 123.908741 155.187764 100.881681 103.329430 105.781530 108.237684 110.697622 113.161098 115.627885 103.202270 105.596241 107.996884 110.403764 112.816481 115.234669 117.657990 88.346252 89.230159 90.176968 91.184719 92.251416 75.278630 75.568669 75.942600 76.399191 76.936972 77.554252 78.249151 82.865629 83.129201 83.469269 83.884903 84.374985 84.938227 85.573185 12.700000 10.160000 7.620000 5.080000 2.540000 0.000000 2.540000 14.810618 12.700000 10.776307 9.158100 8.032185 7.620000 8.032185 36.013223 33.494478 30.979204 28.468322 25.963104 
46.104836 104.189836 121.499235 153.270774 98.438605 100.881681 103.329430 105.781530 108.237684 110.697622 113.161098 100.815445 103.202270 105.596241 107.996884 110.403764 112.816481 115.234669 85.957564 86.865781 87.838079 88.872356 89.966474 75.073456 75.278630 75.568669 75.942600 76.399191 76.936972 77.554252 82.679285 82.865629 83.129201 83.469269 83.884903 84.374985 84.938227 15.240000 12.700000 10.160000 7.620000 5.080000 2.540000 0.000000 17.038838 14.810618 12.700000 10.776307 9.158100 8.032185 7.620000 36.416765 33.927992 31.447411 28.977127 26.520017 
47.429812 94.052395 138.395069 160.466386 111.570462 114.071651 116.574519 119.078960 121.584875 124.092177 126.600783 113.161098 115.627885 118.097776 120.570580 123.046122 125.524239 128.004782 98.422207 99.021120 99.681177 100.401170 101.179820 70.220726 70.987449 71.835846 72.763059 73.766116 74.841969 75.987524 77.554252 78.249151 79.019620 79.863473 80.778410 81.762044 82.811928 7.620000 8.032185 9.158100 10.776307 12.700000 14.810618 17.038838 0.000000 2.540000 5.080000 7.620000 10.160000 12.700000 15.240000 44.124746 41.631856 39.145024 36.665481 34.194814 
48.009988 94.346303 136.005026 158.409700 109.071066 111.570462 114.071651 116.574519 119.078960 121.584875 124.092177 110.697622 113.161098 115.627885 118.097776 120.570580 123.046122 125.524239 95.948202 96.562461 97.239208 97.977148 98.774909 69.538378 70.220726 70.987449 71.835846 72.763059 73.766116 74.841969 76.936972 77.554252 78.249151 79.019620 79.863473 80.778410 81.762044 8.032185 7.620000 8.032185 9.158100 10.776307 12.700000 14.810618 2.540000 0.000000 2.540000 5.080000 7.620000 10.160000 12.700000 43.723058 41.205873 38.691671 36.181073 33.674885 
48.715850 94.707444 133.620515 156.367222 106.573590 109.071066 111.570462 114.071651 116.574519 119.078960 121.584875 108.237684 110.697622 113.161098 115.627885 118.097776 120.570580 123.046122 93.477737 94.108123 94.802392 95.559151 96.376929 68.942910 69.538378 70.220726 70.987449 71.835846 72.763059 73.766116 76.399191 76.936972 77.554252 78.249151 79.019620 79.863473 80.778410 9.158100 8.032185 7.620000 8.032185 9.158100 10.776307 12.700000 5.080000 2.540000 0.000000 2.540000 5.080000 7.620000 10.160000 43.466326 40.933357 38.401317 35.870403 33.340870 
49.542025 95.135053 131.241839 154.339516 104.078172 106.573590 109.071066 111.570462 114.071651 116.574519 119.078960 105.781530 108.237684 110.697622 113.161098 115.627885 118.097776 120.570580 91.011100 91.658452 92.371135 93.147649 93.986411 68.436590 68.942910 69.538378 70.220726 70.987449 71.835846 72.763059 75.942600 76.399191 76.936972 77.554252 78.249151 79.019620 79.863473 10.776307 9.158100 8.032185 7.620000 8.032185 9.158100 10.776307 7.620000 5.080000 2.540000 0.000000 2.540000 5.080000 7.620000 43.357127 40.817382 38.277671 35.738001 33.198382 
50.482608 95.628237 128.869321 152.327173 101.584965 104.078172 106.573590 109.071066 111.570462 114.071651 116.574519 103.329430 105.781530 108.237684 110.697622 113.161098 115.627885 118.097776 88.548612 89.213834 89.945888 90.743158 91.603940 68.021409 68.436590 68.942910 69.538378 70.220726 70.987449 71.835846 75.568669 75.942600 76.399191 76.936972 77.554252 78.249151 79.019620 12.700000 10.776307 9.158100 8.032185 7.620000 8.032185 9.158100 10.160000 7.620000 5.080000 2.540000 0.000000 2.540000 5.080000 43.396574 40.859281 38.322347 35.785848 33.249883 
51.531334 96.185988 126.503306 150.330810 99.094134 101.584965 104.078172 106.573590 109.071066 111.570462 114.071651 100.881681 103.329430 105.781530 108.237684 110.697622 113.161098 115.627885 86.090627 86.774694 87.527152 88.346252 89.230159 67.699043 68.021409 68.436590 68.942910 69.538378 70.220726 70.987449 75.278630 75.568669 75.942600 76.399191 76.936972 77.554252 78.249151 14.810618 12.700000 10.776307 9.158100 8.032185 7.620000 8.032185 12.700000 10.160000 7.620000 5.080000 2.540000 0.000000 2.540000 43.584263 41.058570 38.534759 36.013223 33.494478 
52.681745 96.807191 124.144167 148.351071 96.605863 99.094134 101.584965 104.078172 106.573590 109.071066 111.570462 98.438605 100.881681 103.329430 105.781530 108.237684 110.697622 113.161098 83.637544 84.341510 85.115480 85.957564 86.865781 67.470824 67.699043 68.021409 68.436590 68.942910 69.538378 70.220726 75.073456 75.278630 75.568669 75.942600 76.399191 76.936972 77.554252 17.038838 14.810618 12.700000 10.776307 9.158100 8.032185 7.620000 15.240000 12.700000 10.160000 7.620000 5.080000 2.540000 0.000000 43.918293 41.412978 38.912160 36.416765 33.927992 
18.111663 138.069350 122.192728 183.483449 119.555897 121.722008 123.902320 126.096099 128.302651 130.521331 132.751529 123.740772 125.834866 127.945110 130.070721 132.210955 134.365115 136.532541 109.388059 110.924444 112.497202 114.104827 115.745868 111.282888 111.581404 111.936774 112.348459 112.815843 113.338236 113.914882 118.862496 119.142022 119.474906 119.860703 120.298904 120.788938 121.330178 36.665481 36.181073 35.870403 35.738001 35.785848 36.013223 36.416765 44.124746 43.723058 43.466326 43.357127 43.396574 43.584263 43.918293 0.000000 2.540000 5.080000 7.620000 10.160000 
18.712975 135.551055 122.283302 181.596032 118.237178 120.427010 122.630350 124.846481 127.074734 129.314483 131.565140 122.308981 124.427173 126.560892 128.709364 130.871863 133.047706 135.236248 107.889600 109.388059 110.924444 112.497202 114.104827 108.757606 109.063034 109.426584 109.847677 110.325656 110.859783 111.449254 116.335373 116.620957 116.961016 117.355078 117.802599 118.302974 118.855535 34.194814 33.674885 33.340870 33.198382 33.249883 33.494478 33.927992 41.631856 41.205873 40.933357 40.817382 40.859281 41.058570 41.412978 2.540000 0.000000 2.540000 5.080000 7.620000 
19.627067 133.033586 122.426517 179.724693 116.958758 119.172084 121.398202 123.636421 125.886095 128.146620 130.417433 120.913598 123.055811 125.212901 127.384111 129.568730 131.766093 133.975572 106.430669 107.889600 109.388059 110.924444 112.497202 106.233027 106.545692 106.917801 107.348736 107.837792 108.384181 108.987041 113.808824 114.100732 114.448280 114.850963 115.308204 115.819356 116.383709 31.735097 31.174171 30.813060 30.658826 30.714585 30.979204 31.447411 39.145024 38.691671 38.401317 38.277671 38.322347 38.534759 38.912160 5.080000 2.540000 0.000000 2.540000 5.080000 
20.812767 130.516989 122.622191 177.869938 115.721973 117.958508 120.207103 122.467092 124.737857 127.018819 129.309439 119.555897 121.722008 123.902320 126.096099 128.302651 130.521331 132.751529 105.012914 106.430669 107.889600 109.388059 110.924444 103.709200 104.029451 104.410528 104.851769 105.352416 105.911627 106.528481 111.282888 111.581404 111.936774 112.348459 112.815843 113.338236 113.914882 29.289087 28.680362 28.287433 28.119350 28.180135 28.468322 28.977127 36.665481 36.181073 35.870403 35.738001 35.785848 36.013223 36.416765 7.620000 5.080000 2.540000 0.000000 2.540000 
22.226651 128.001317 122.870071 176.032291 114.528172 116.787572 119.058283 121.339671 123.631145 125.932155 128.242186 118.237178 120.427010 122.630350 124.846481 127.074734 129.314483 131.565140 103.638024 105.012914 106.430669 107.889600 109.388059 101.186183 101.514394 101.904877 102.356919 102.869708 103.442343 104.073833 108.757606 109.063034 109.426584 109.847677 110.325656 110.859783 111.449254 26.860529 26.195430 25.764633 25.579978 25.646782 25.963104 26.520017 34.194814 33.674885 33.340870 33.198382 33.249883 33.494478 33.927992 10.160000 7.620000 5.080000 2.540000 0.000000 
