44
# Circuit board instance
Size: large
Nodes: 44
0.000000 140.000000 140.000000 197.989899 174.278592 175.205964 176.137610 177.073463 177.797075 178.706189 179.619681 180.537485 37.832087 38.578952 39.475404 40.511513 41.676864 41.796387 43.033526 44.272526 45.513235 43.244986 44.441819 45.642606 46.847043 110.422620 110.526178 110.687941 110.907653 111.184973 158.516736 160.161837 161.830083 163.520765 165.233195 166.966703 168.720640 164.425489 166.012048 167.622080 169.254916 170.909902 172.586402 174.283793 
140.000000 0.000000 197.989899 140.000000 128.626757 129.880502 131.134559 132.388921 127.910964 129.171656 130.432529 131.693577 135.060524 132.616793 130.176748 127.740600 125.308576 136.613008 136.996571 137.390803 137.795612 131.772171 132.169782 132.578368 132.997825 175.748678 173.779397 171.825095 169.886287 167.963511 103.613803 106.113518 108.615102 111.118429 113.623384 116.129861 118.637765 102.520272 105.046012 107.572424 110.099461 112.627081 115.155246 117.683921 
140.000000 197.989899 0.000000 140.000000 120.095951 119.964743 119.846850 119.742311 125.147151 125.021244 124.908124 124.807825 103.982122 104.256178 104.591216 104.986655 105.441813 99.778975 98.514924 97.251028 95.987293 100.394396 99.138192 97.882344 96.626866 29.800764 30.182222 30.769315 31.550564 32.511978 127.228212 126.491409 125.801582 125.159510 124.565931 124.021540 123.526989 134.518415 133.821756 133.169907 132.563528 132.003247 131.489651 131.023292 
197.989899 140.000000 140.000000 0.000000 24.389593 23.735087 23.131845 22.583976 20.278665 19.486568 18.747113 18.066763 166.199760 164.220062 162.255973 160.308066 158.376937 163.926874 163.160554 162.400549 161.646950 159.915011 159.129372 158.350022 157.577052 139.937588 137.456209 134.977012 132.500117 130.025658 42.370776 40.104129 37.872191 35.681476 33.540063 31.458022 29.447948 39.621568 37.187729 34.769079 32.369024 29.992030 27.644043 25.333133 
174.278592 128.626757 120.095951 24.389593 0.000000 1.270000 2.540000 3.810000 5.080000 5.236344 5.679613 6.350000 141.977785 140.029559 138.100567 136.191626 134.303591 139.645507 138.864411 138.090578 137.324129 135.687482 134.883468 134.086662 133.297193 117.330894 114.816971 112.304222 109.792727 107.282574 25.114538 22.583625 20.055010 17.529687 15.009318 12.496900 9.998430 26.823080 24.469527 22.157189 19.900441 17.720532 15.649605 13.737039 
175.205964 129.880502 119.964743 23.735087 1.270000 0.000000 1.270000 2.540000 5.236344 5.080000 5.236344 5.679613 142.790381 140.853395 138.935841 137.038536 135.162332 140.433743 139.645507 138.864411 138.090578 136.498577 135.687482 134.883468 134.086662 117.517180 115.007329 112.498832 109.991781 107.486276 26.380649 23.848840 21.318979 18.791854 16.268739 13.751842 11.245340 28.012074 25.641856 23.307434 21.020737 18.799189 16.668857 14.669536 
176.137610 131.134559 119.846850 23.131845 2.540000 1.270000 0.000000 1.270000 5.679613 5.236344 5.080000 5.236344 143.609610 141.683824 139.777663 137.891941 136.027508 141.229000 140.433743 139.645507 138.864411 137.316626 136.498577 135.687482 134.883468 117.716874 115.211373 112.707418 110.205111 107.704570 27.647118 25.114538 22.583625 20.055010 17.529687 15.009318 12.496900 29.207888 26.823080 24.469527 22.157189 19.900441 17.720532 15.649605 
177.073463 132.388921 119.742311 22.583976 3.810000 2.540000 1.270000 0.000000 6.350000 5.679613 5.236344 5.080000 144.435359 142.520731 140.625915 138.751722 136.898999 142.031161 141.229000 140.433743 139.645507 138.141507 137.316626 136.498577 135.687482 117.929907 115.429031 112.929901 110.432636 107.937366 28.913896 26.380649 23.848840 21.318979 18.791854 16.268739 13.751842 30.409719 28.012074 25.641856 23.307434 21.020737 18.799189 16.668857 
177.797075 127.910964 125.147151 20.278665 5.080000 5.236344 5.679613 6.350000 0.000000 1.270000 2.540000 3.810000 145.928850 143.944464 141.977785 140.029559 138.100567 143.674128 142.915052 142.163270 141.418895 139.645507 138.864411 138.090578 137.324129 122.361970 119.845916 117.330894 114.816971 112.304222 25.220975 22.701932 20.188140 17.681841 15.186744 12.709449 10.262855 25.444371 22.949861 20.466544 17.999053 15.554923 13.147187 10.800214 
178.706189 129.171656 125.021244 19.486568 5.236344 5.080000 5.236344 5.679613 1.270000 0.000000 1.270000 2.540000 146.719564 144.746019 142.790381 140.853395 138.935841 144.440381 143.674128 142.915052 142.163270 140.433743 139.645507 138.864411 138.090578 122.540609 120.028299 117.517180 115.007329 112.498832 26.481999 23.960900 21.444264 18.933868 16.432573 13.945277 11.481082 26.694844 24.195933 21.706563 19.230439 16.773428 14.345354 11.963849 
179.619681 130.432529 124.908124 18.747113 5.679613 5.236344 5.080000 5.236344 2.540000 1.270000 0.000000 1.270000 147.516974 145.554241 143.609610 141.683824 139.777663 145.213698 144.440381 143.674128 142.915052 141.229000 140.433743 139.645507 138.864411 122.732129 120.223822 117.716874 115.211373 112.707418 27.743841 25.220975 22.701932 20.188140 17.681841 15.186744 12.709449 27.947077 25.444371 22.949861 20.466544 17.999053 15.554923 13.147187 
180.537485 131.693577 124.807825 18.066763 6.350000 5.679613 5.236344 5.080000 3.810000 2.540000 1.270000 0.000000 148.320971 146.369020 144.435359 142.520731 140.625915 145.993966 145.213698 144.440381 143.674128 142.031161 141.229000 140.433743 139.645507 122.936472 120.432421 117.929907 115.429031 112.929901 29.006395 26.481999 23.960900 21.444264 18.933868 16.432573 13.945277 29.200845 26.694844 24.195933 21.706563 19.230439 16.773428 14.345354 
37.832087 135.060524 103.982122 166.199760 141.977785 142.790381 143.609610 144.435359 145.928850 146.719564 147.516974 148.320971 0.000000 2.540000 5.080000 7.620000 10.160000 4.203219 5.469246 6.736769 8.005077 6.294729 7.202029 8.206133 9.275658 74.184763 73.997587 73.897293 73.884235 73.958459 129.226134 130.530650 131.871189 133.246666 134.656008 136.098164 137.572101 135.851861 137.093344 138.370319 139.681812 141.026859 142.404511 143.813830 
38.578952 132.616793 104.256178 164.220062 140.029559 140.853395 141.683824 142.520731 143.944464 144.746019 145.554241 146.369020 2.540000 0.000000 2.540000 5.080000 7.620000 5.103290 6.187824 7.332160 8.512214 4.711022 5.868504 7.064753 8.282991 74.458166 74.184763 73.997587 73.897293 73.884235 127.042336 128.369046 129.731924 131.129842 132.561691 134.026384 135.522856 133.631509 134.893428 136.191032 137.523309 138.889261 140.287906 141.718275 
39.475404 130.176748 104.591216 162.255973 138.100567 138.935841 139.777663 140.625915 141.977785 142.790381 143.609610 144.435359 5.080000 2.540000 0.000000 2.540000 5.080000 6.879192 7.718088 8.662580 9.681813 4.203219 5.469246 6.736769 8.005077 74.816850 74.458166 74.184763 73.997587 73.897293 124.872014 126.221539 127.607355 129.028292 130.483205 131.970968 133.490484 131.422735 132.705660 134.024447 135.378047 136.765427 138.185570 139.637476 
40.511513 127.740600 104.986655 160.308066 136.191626 137.038536 137.891941 138.751722 140.029559 140.853395 141.683824 142.520731 7.620000 5.080000 2.540000 0.000000 2.540000 9.028079 9.682552 10.450991 11.310191 5.103290 6.187824 7.332160 8.512214 75.259596 74.816850 74.458166 74.184763 73.997587 122.715883 124.088858 125.498227 126.942775 128.421317 129.932692 131.475767 129.226134 130.530650 131.871189 133.246666 134.656008 136.098164 137.572101 
41.676864 125.308576 105.441813 158.376937 134.303591 135.162332 136.027508 136.898999 138.100567 138.935841 139.777663 140.625915 10.160000 7.620000 5.080000 2.540000 0.000000 11.339855 11.867516 12.502373 13.229004 6.879192 7.718088 8.662580 9.681813 75.784931 75.259596 74.816850 74.458166 74.184763 120.574703 121.971783 123.405332 124.874094 126.376841 127.912375 129.479529 127.042336 128.369046 129.731924 131.129842 132.561691 134.026384 135.522856 
41.796387 136.613008 99.778975 163.926874 139.645507 140.433743 141.229000 142.031161 143.674128 144.440381 145.213698 145.993966 4.203219 5.103290 6.879192 9.028079 11.339855 0.000000 1.270000 2.540000 3.810000 5.080000 5.236344 5.679613 6.350000 69.981545 69.796887 69.704357 69.704322 69.796783 127.489932 128.729461 130.006803 131.320854 132.670524 134.054736 135.472432 134.222919 135.400825 136.615805 137.866878 139.153071 140.473419 141.826968 
43.033526 136.996571 98.514924 163.160554 138.864411 139.645507 140.433743 141.229000 142.915052 143.674128 144.440381 145.213698 5.469246 6.187824 7.718088 9.682552 11.867516 1.270000 0.000000 1.270000 2.540000 5.236344 5.080000 5.236344 5.679613 68.716882 68.528816 68.434572 68.434536 68.528710 126.884694 128.104901 129.363475 130.659309 131.991304 133.358379 134.759464 133.648176 134.807176 136.003742 137.236891 138.505645 139.809036 141.146103 
44.272526 137.390803 97.251028 162.400549 138.090578 138.864411 139.645507 140.433743 142.163270 142.915052 143.674128 144.440381 6.736769 7.332160 8.662580 10.450991 12.502373 2.540000 1.270000 0.000000 1.270000 5.679613 5.236344 5.080000 5.236344 67.452420 67.260819 67.164795 67.164759 67.260711 126.289328 127.489932 128.729461 130.006803 131.320854 132.670524 134.054736 133.083071 134.222919 135.400825 136.615805 137.866878 139.153071 140.473419 
45.513235 137.795612 95.987293 161.646950 137.324129 138.090578 138.864411 139.645507 141.418895 142.163270 142.915052 143.674128 8.005077 8.512214 9.681813 11.310191 13.229004 3.810000 2.540000 1.270000 0.000000 6.350000 5.679613 5.236344 5.080000 66.188170 65.992898 65.895027 65.894990 65.992788 125.703973 126.884694 128.104901 129.363475 130.659309 131.991304 133.358379 132.527726 133.648176 134.807176 136.003742 137.236891 138.505645 139.809036 
43.244986 131.772171 100.394396 159.915011 135.687482 136.498577 137.316626 138.141507 139.645507 140.433743 141.229000 142.031161 6.294729 4.711022 4.203219 5.103290 6.879192 5.080000 5.236344 5.679613 6.350000 0.000000 1.270000 2.540000 3.810000 70.623995 70.257605 69.981545 69.796887 69.704357 123.058763 124.342473 125.664416 127.023397 128.418240 129.847790 131.310914 129.723357 130.941746 132.197714 133.490199 134.818153 136.180537 137.576329 
44.441819 132.169782 99.138192 159.129372 134.883468 135.687482 136.498577 137.316626 138.864411 139.645507 140.433743 141.229000 7.202029 5.868504 5.469246 6.187824 7.718088 5.236344 5.080000 5.236344 5.679613 1.270000 0.000000 1.270000 2.540000 69.371046 68.998003 68.716882 68.528816 68.434572 122.431622 123.695764 124.998740 126.339350 127.716408 129.128748 130.575226 129.128588 130.327787 131.565099 132.839458 134.149808 135.495106 136.874320 
45.642606 132.578368 97.882344 158.350022 134.086662 134.883468 135.687482 136.498577 138.090578 138.864411 139.645507 140.433743 8.206133 7.064753 6.736769 7.332160 8.662580 5.679613 5.236344 5.080000 5.236344 2.540000 1.270000 0.000000 1.270000 68.118728 67.738788 67.452420 67.260819 67.164795 121.814494 123.058763 124.342473 125.664416 127.023397 128.418240 129.847790 128.543615 129.723357 130.941746 132.197714 133.490199 134.818153 136.180537 
46.847043 132.997825 96.626866 157.577052 133.297193 134.086662 134.883468 135.687482 137.324129 138.090578 138.864411 139.645507 9.275658 8.282991 8.005077 8.512214 9.681813 6.350000 5.679613 5.236344 5.080000 3.810000 2.540000 1.270000 0.000000 66.867077 66.479984 66.188170 65.992898 65.895027 121.207530 122.431622 123.695764 124.998740 126.339350 127.716408 129.128748 127.968572 129.128588 130.327787 131.565099 132.839458 134.149808 135.495106 
110.422620 175.748678 29.800764 139.937588 117.330894 117.517180 117.716874 117.929907 122.361970 122.540609 122.732129 122.936472 74.184763 74.458166 74.816850 75.259596 75.784931 69.981545 68.716882 67.452420 66.188170 70.623995 69.371046 68.118728 66.867077 0.000000 2.540000 5.080000 7.620000 10.160000 118.466294 118.312362 118.212819 118.167801 118.177371 118.241515 118.360146 126.068079 125.923440 125.829918 125.787626 125.796617 125.856878 125.968337 
110.526178 173.779397 30.182222 137.456209 114.816971 115.007329 115.211373 115.429031 119.845916 120.028299 120.223822 120.432421 73.997587 74.184763 74.458166 74.816850 75.259596 69.796887 68.528816 67.260819 65.992898 70.257605 68.998003 67.738788 66.479984 2.540000 0.000000 2.540000 5.080000 7.620000 115.932897 115.775597 115.673870 115.627864 115.637644 115.703197 115.824427 123.533901 123.386292 123.290845 123.247682 123.256858 123.318360 123.432112 
110.687941 171.825095 30.769315 134.977012 112.304222 112.498832 112.707418 112.929901 117.330894 117.517180 117.716874 117.929907 73.897293 73.997587 74.184763 74.458166 74.816850 69.704357 68.434572 67.164795 65.895027 69.981545 68.716882 67.452420 66.188170 5.080000 2.540000 0.000000 2.540000 5.080000 113.399795 113.238977 113.134969 113.087930 113.097930 113.164954 113.288901 120.999968 120.849263 120.751811 120.707740 120.717109 120.779905 120.896045 
110.907653 169.886287 31.550564 132.500117 109.792727 109.991781 110.205111 110.432636 114.816971 115.007329 115.211373 115.429031 73.884235 73.897293 73.997587 74.184763 74.458166 69.704322 68.434536 67.164759 65.894990 69.796887 68.528816 67.260819 65.992898 7.620000 5.080000 2.540000 0.000000 2.540000 110.867009 110.702511 110.596119 110.547999 110.558229 110.626791 110.753579 118.466294 118.312362 118.212819 118.167801 118.177371 118.241515 118.360146 
111.184973 167.963511 32.511978 130.025658 107.282574 107.486276 107.704570 107.937366 112.304222 112.498832 112.707418 112.929901 73.958459 73.884235 73.897293 73.997587 74.184763 69.796783 68.528710 67.260711 65.992788 69.704357 68.434572 67.164795 65.895027 10.160000 7.620000 5.080000 2.540000 0.000000 108.334561 108.166212 108.057322 108.008071 108.018541 108.088715 108.218476 115.932897 115.775597 115.673870 115.627864 115.637644 115.703197 115.824427 
158.516736 103.613803 127.228212 42.370776 25.114538 26.380649 27.647118 28.913896 25.220975 26.481999 27.743841 29.006395 129.226134 127.042336 124.872014 122.715883 120.574703 127.489932 126.884694 126.289328 125.703973 123.058763 122.431622 121.814494 121.207530 118.466294 115.932897 113.399795 110.867009 108.334561 0.000000 2.540000 5.080000 7.620000 10.160000 12.700000 15.240000 7.620000 8.032185 9.158100 10.776307 12.700000 14.810618 17.038838 
160.161837 106.113518 126.491409 40.104129 22.583625 23.848840 25.114538 26.380649 22.701932 23.960900 25.220975 26.481999 130.530650 128.369046 126.221539 124.088858 121.971783 128.729461 128.104901 127.489932 126.884694 124.342473 123.695764 123.058763 122.431622 118.312362 115.775597 113.238977 110.702511 108.166212 2.540000 0.000000 2.540000 5.080000 7.620000 10.160000 12.700000 8.032185 7.620000 8.032185 9.158100 10.776307 12.700000 14.810618 
161.830083 108.615102 125.801582 37.872191 20.055010 21.318979 22.583625 23.848840 20.188140 21.444264 22.701932 23.960900 131.871189 129.731924 127.607355 125.498227 123.405332 130.006803 129.363475 128.729461 128.104901 125.664416 124.998740 124.342473 123.695764 118.212819 115.673870 113.134969 110.596119 108.057322 5.080000 2.540000 0.000000 2.540000 5.080000 7.620000 10.160000 9.158100 8.032185 7.620000 8.032185 9.158100 10.776307 12.700000 
163.520765 111.118429 125.159510 35.681476 17.529687 18.791854 20.055010 21.318979 17.681841 18.933868 20.188140 21.444264 133.246666 131.129842 129.028292 126.942775 124.874094 131.320854 130.659309 130.006803 129.363475 127.023397 126.339350 125.664416 124.998740 118.167801 115.627864 113.087930 110.547999 108.008071 7.620000 5.080000 2.540000 0.000000 2.540000 5.080000 7.620000 10.776307 9.158100 8.032185 7.620000 8.032185 9.158100 10.776307 
165.233195 113.623384 124.565931 33.540063 15.009318 16.268739 17.529687 18.791854 15.186744 16.432573 17.681841 18.933868 134.656008 132.561691 130.483205 128.421317 126.376841 132.670524 131.991304 131.320854 130.659309 128.418240 127.716408 127.023397 126.339350 118.177371 115.637644 113.097930 110.558229 108.018541 10.160000 7.620000 5.080000 2.540000 0.000000 2.540000 5.080000 12.700000 10.776307 9.158100 8.032185 7.620000 8.032185 9.158100 
166.966703 116.129861 124.021540 31.458022 12.496900 13.751842 15.009318 16.268739 12.709449 13.945277 15.186744 16.432573 136.098164 134.026384 131.970968 129.932692 127.912375 134.054736 133.358379 132.670524 131.991304 129.847790 129.128748 128.418240 127.716408 118.241515 115.703197 113.164954 110.626791 108.088715 12.700000 10.160000 7.620000 5.080000 2.540000 0.000000 2.540000 14.810618 12.700000 10.776307 9.158100 8.032185 7.620000 8.032185 
168.720640 118.637765 123.526989 29.447948 9.998430 11.245340 12.496900 13.751842 10.262855 11.481082 12.709449 13.945277 137.572101 135.522856 133.490484 131.475767 129.479529 135.472432 134.759464 134.054736 133.358379 131.310914 130.575226 129.847790 129.128748 118.360146 115.824427 113.288901 110.753579 108.218476 15.240000 12.700000 10.160000 7.620000 5.080000 2.540000 0.000000 17.038838 14.810618 12.700000 10.776307 9.158100 8.032185 7.620000 
164.425489 102.520272 134.518415 39.621568 26.823080 28.012074 29.207888 30.409719 25.444371 26.694844 27.947077 29.200845 135.851861 133.631509 131.422735 129.226134 127.042336 134.222919 133.648176 133.083071 132.527726 129.723357 129.128588 128.543615 127.968572 126.068079 123.533901 120.999968 118.466294 115.932897 7.620000 8.032185 9.158100 10.776307 12.700000 14.810618 17.038838 0.000000 2.540000 5.080000 7.620000 10.160000 12.700000 15.240000 
166.012048 105.046012 133.821756 37.187729 24.469527 25.641856 26.823080 28.012074 22.949861 24.195933 25.444371 26.694844 137.093344 134.893428 132.705660 130.530650 128.369046 135.400825 134.807176 134.222919 133.648176 130.941746 130.327787 129.723357 129.128588 125.923440 123.386292 120.849263 118.312362 115.775597 8.032185 7.620000 8.032185 9.158100 10.776307 12.700000 14.810618 2.540000 0.000000 2.540000 5.080000 7.620000 10.160000 12.700000 
167.622080 107.572424 133.169907 34.769079 22.157189 23.307434 24.469527 25.641856 20.466544 21.706563 22.949861 24.195933 138.370319 136.191032 134.024447 131.871189 129.731924 136.615805 136.003742 135.400825 134.807176 132.197714 131.565099 130.941746 130.327787 125.829918 123.290845 120.751811 118.212819 115.673870 9.158100 8.032185 7.620000 8.032185 9.158100 10.776307 12.700000 5.080000 2.540000 0.000000 2.540000 5.080000 7.620000 10.160000 
169.254916 110.099461 132.563528 32.369024 19.900441 21.020737 22.157189 23.307434 17.999053 19.230439 20.466544 21.706563 139.681812 137.523309 135.378047 133.246666 131.129842 137.866878 137.236891 136.615805 136.003742 133.490199 132.839458 132.197714 131.565099 125.787626 123.247682 120.707740 118.167801 115.627864 10.776307 9.158100 8.032185 7.620000 8.032185 9.158100 10.776307 7.620000 5.080000 2.540000 0.000000 2.540000 5.080000 7.620000 
170.909902 112.627081 132.003247 29.992030 17.720532 18.799189 19.900441 21.020737 15.554923 16.773428 17.999053 19.230439 141.026859 138.889261 136.765427 134.656008 132.561691 139.153071 138.505645 137.866878 137.236891 134.818153 134.149808 133.490199 132.839458 125.796617 123.256858 120.717109 118.177371 115.637644 12.700000 10.776307 9.158100 8.032185 7.620000 8.032185 9.158100 10.160000 7.620000 5.080000 2.540000 0.000000 2.540000 5.080000 
172.586402 115.155246 131.489651 27.644043 15.649605 16.668857 17.720532 18.799189 13.147187 14.345354 15.554923 16.773428 142.404511 140.287906 138.185570 136.098164 134.026384 140.473419 139.809036 139.153071 138.505645 136.180537 135.495106 134.818153 134.149808 125.856878 123.318360 120.779905 118.241515 115.703197 14.810618 12.700000 10.776307 9.158100 8.032185 7.620000 8.032185 12.700000 10.160000 7.620000 5.080000 2.540000 0.000000 2.540000 
174.283793 117.683921 131.023292 25.333133 13.737039 14.669536 15.649605 16.668857 10.800214 11.963849 13.147187 14.345354 143.813830 141.718275 139.637476 137.572101 135.522856 141.826968 141.146103 140.473419 139.809036 137.576329 136.874320 136.180537 135.495106 125.968337 123.432112 120.896045 118.360146 115.824427 17.038838 14.810618 12.700000 10.776307 9.158100 8.032185 7.620000 15.240000 12.700000 10.160000 7.620000 5.080000 2.540000 0.000000 
