36
# Circuit board instance
Size: large
Nodes: 36
0.000000 115.000000 115.000000 162.634560 78.231717 80.268427 82.333118 84.423738 86.538407 58.364063 60.763952 63.174798 65.595392 68.024695 70.461805 72.905939 61.332572 63.620582 65.927048 68.250099 70.588099 72.939609 75.303364 86.517623 88.128798 89.782927 91.477681 93.210845 100.796321 101.247038 101.711616 102.189867 105.571089 106.001505 106.445335 106.902411 
115.000000 0.000000 162.634560 115.000000 70.862475 68.993544 67.168676 65.391561 63.666197 110.205326 111.494879 112.826881 114.199849 115.612323 117.062872 118.550099 103.672246 105.042032 106.454806 107.908879 109.402604 110.934380 112.502652 90.898245 89.217020 87.577198 85.981148 84.431353 40.777440 41.879160 42.990164 44.109752 38.467598 39.633578 40.805768 41.983649 
115.000000 162.634560 0.000000 115.000000 91.952705 93.691615 95.466437 97.275207 99.116064 63.082825 60.672373 58.272928 55.885906 53.512972 51.156084 48.817569 65.838920 63.533121 61.245854 58.979277 56.735868 54.518488 52.330446 72.009296 73.937302 75.901341 77.898689 79.926849 123.632346 122.816617 122.008654 121.208613 127.555139 126.764656 125.982015 125.207365 
162.634560 115.000000 115.000000 0.000000 85.770558 84.233054 82.744966 81.309007 79.927986 112.775409 111.444995 110.157089 108.913198 107.714847 106.563573 105.460917 106.400252 104.989083 103.620967 102.297631 101.020834 99.792363 98.614024 77.217424 75.231086 73.278955 71.363839 69.488797 82.388460 81.159244 79.931302 78.704695 81.270012 80.023617 78.777976 77.533126 
78.231717 70.862475 91.952705 85.770558 0.000000 2.540000 5.080000 7.620000 10.160000 43.452672 43.971627 44.629322 45.419732 46.336065 47.371014 48.516988 35.977128 36.602226 37.389777 38.329767 39.411292 40.623047 41.953751 21.740340 20.920348 20.385848 20.159559 20.251815 34.378087 33.950771 33.566095 33.225538 39.172375 38.797899 38.461732 38.164885 
80.268427 68.993544 93.691615 84.233054 2.540000 0.000000 2.540000 5.080000 7.620000 45.955066 46.446069 47.069202 47.819300 48.690495 49.676416 50.770381 38.462677 39.048006 39.787174 40.671794 41.692610 42.839885 44.103752 22.815060 21.740340 20.920348 20.385848 20.159559 32.014006 31.554693 31.140431 30.773041 36.765640 36.366390 36.007529 35.690276 
82.333118 67.168676 95.466437 82.744966 5.080000 2.540000 0.000000 2.540000 5.080000 48.461373 48.927231 49.519152 50.232679 51.062715 52.003682 53.049676 40.954908 41.505105 42.201258 43.036285 44.002280 45.090828 46.293282 24.110470 22.815060 21.740340 20.920348 20.385848 29.679008 29.182967 28.734533 28.335967 34.378087 33.950771 33.566095 33.225538 
84.423738 65.391561 97.275207 81.309007 7.620000 5.080000 2.540000 0.000000 2.540000 50.971016 51.414139 51.977747 52.657970 53.450357 54.350002 55.351675 43.452672 43.971627 44.629322 45.419732 46.336065 47.371014 48.516988 25.593080 24.110470 22.815060 21.740340 20.920348 27.380534 26.842051 26.353814 25.918664 32.014006 31.554693 31.140431 30.773041 
86.538407 63.666197 99.116064 79.927986 10.160000 7.620000 5.080000 2.540000 0.000000 53.483525 53.905999 54.443817 55.093600 55.851443 56.713012 57.673659 45.955066 46.446069 47.069202 47.819300 48.690495 49.676416 50.770381 27.232332 25.593080 24.110470 22.815060 21.740340 25.128609 24.540763 24.005767 23.527229 29.679008 29.182967 28.734533 28.335967 
58.364063 110.205326 63.082825 112.775409 43.452672 45.955066 48.461373 50.971016 53.483525 0.000000 2.540000 5.080000 7.620000 10.160000 12.700000 15.240000 7.620000 8.032185 9.158100 10.776307 12.700000 14.810618 17.038838 36.800787 39.199468 41.614924 44.044395 46.485683 77.508271 77.193752 76.898923 76.624012 82.430079 82.134408 81.857376 81.599172 
60.763952 111.494879 60.672373 111.444995 43.971627 46.446069 48.927231 51.414139 53.905999 2.540000 0.000000 2.540000 5.080000 7.620000 10.160000 12.700000 8.032185 7.620000 8.032185 9.158100 10.776307 12.700000 14.810618 36.017951 38.465481 40.924282 43.392437 45.868438 78.195416 77.842243 77.508271 77.193752 83.076524 82.744187 82.430079 82.134408 
63.174798 112.826881 58.272928 110.157089 44.629322 47.069202 49.519152 51.977747 54.443817 5.080000 2.540000 0.000000 2.540000 5.080000 7.620000 10.160000 9.158100 8.032185 7.620000 8.032185 9.158100 10.776307 12.700000 35.400437 37.887878 40.381864 42.881252 45.385149 78.958326 78.567533 78.195416 77.842243 83.795006 83.426872 83.076524 82.744187 
65.595392 114.199849 55.885906 108.913198 45.419732 47.819300 50.232679 52.657970 55.093600 7.620000 5.080000 2.540000 0.000000 2.540000 5.080000 7.620000 10.776307 9.158100 8.032185 7.620000 8.032185 9.158100 10.776307 34.957005 37.473893 39.993702 42.515915 45.040127 79.794829 79.367519 78.958326 78.567533 84.583689 84.180691 83.795006 83.426872 
68.024695 115.612323 53.512972 107.714847 46.336065 48.690495 51.062715 53.450357 55.851443 10.160000 7.620000 5.080000 2.540000 0.000000 2.540000 5.080000 12.700000 10.776307 9.158100 8.032185 7.620000 8.032185 9.158100 34.694333 37.228982 39.764315 42.300207 44.836565 80.702635 80.239966 79.794829 79.367519 85.440628 85.003752 84.583689 84.180691 
70.461805 117.062872 51.156084 106.563573 47.371014 49.676416 52.003682 54.350002 56.713012 12.700000 10.160000 7.620000 5.080000 2.540000 0.000000 2.540000 14.810618 12.700000 10.776307 9.158100 8.032185 7.620000 8.032185 34.616534 37.156491 39.696454 42.236421 44.776392 81.679367 81.182537 80.702635 80.239966 86.363793 85.894062 85.440628 85.003752 
72.905939 118.550099 48.817569 105.460917 48.516988 50.770381 53.049676 55.351675 57.673659 15.240000 12.700000 10.160000 7.620000 5.080000 2.540000 0.000000 17.038838 14.810618 12.700000 10.776307 9.158100 8.032185 7.620000 34.724852 37.257425 39.790946 42.325242 44.860184 82.722585 82.192820 81.679367 81.182537 87.351083 86.849556 86.363793 85.894062 
61.332572 103.672246 65.838920 106.400252 35.977128 38.462677 40.954908 43.452672 45.955066 7.620000 8.032185 9.158100 10.776307 12.700000 14.810618 17.038838 0.000000 2.540000 5.080000 7.620000 10.160000 12.700000 15.240000 29.745855 32.068781 34.422387 36.800787 39.199468 70.167853 69.820275 69.494171 69.189845 75.055274 74.730431 74.425844 74.141764 
63.620582 105.042032 63.533121 104.989083 36.602226 39.048006 41.505105 43.971627 46.446069 8.032185 7.620000 8.032185 9.158100 10.776307 12.700000 14.810618 2.540000 0.000000 2.540000 5.080000 7.620000 10.160000 12.700000 28.771702 31.167316 33.584157 36.017951 38.465481 70.926149 70.536588 70.167853 69.820275 75.764669 75.400111 75.055274 74.730431 
65.927048 106.454806 61.245854 103.620967 37.389777 39.787174 42.201258 44.629322 47.069202 9.158100 8.032185 7.620000 8.032185 9.158100 10.776307 12.700000 5.080000 2.540000 0.000000 2.540000 5.080000 7.620000 10.160000 27.994802 30.451596 32.921023 35.400437 37.887878 71.766376 71.336195 70.926149 70.536588 76.551808 76.148666 75.764669 75.400111 
68.250099 107.908879 58.979277 102.297631 38.329767 40.671794 43.036285 45.419732 47.819300 10.776307 9.158100 8.032185 7.620000 8.032185 9.158100 10.776307 7.620000 5.080000 2.540000 0.000000 2.540000 5.080000 7.620000 27.431920 29.934947 32.443721 34.957005 37.473893 72.685694 72.216332 71.766376 71.336195 77.414318 76.973795 76.551808 76.148666 
70.588099 109.402604 56.735868 101.020834 39.411292 41.692610 44.002280 46.336065 48.690495 12.700000 10.776307 9.158100 8.032185 7.620000 8.032185 9.158100 10.160000 7.620000 5.080000 2.540000 0.000000 2.540000 5.080000 27.096397 29.627783 32.160527 34.694333 37.228982 73.681142 73.174090 72.685694 72.216332 78.349711 77.873064 77.414318 76.973795 
72.939609 110.934380 54.518488 99.792363 40.623047 42.839885 45.090828 47.371014 49.676416 14.810618 12.700000 10.776307 9.158100 8.032185 7.620000 8.032185 12.700000 10.160000 7.620000 5.080000 2.540000 0.000000 2.540000 26.996711 29.536642 32.076584 34.616534 37.156491 74.749679 74.206467 73.681142 73.174090 79.355409 78.843936 78.349711 77.873064 
75.303364 112.502652 52.330446 98.614024 41.953751 44.103752 46.293282 48.516988 50.770381 17.038838 14.810618 12.700000 10.776307 9.158100 8.032185 7.620000 15.240000 12.700000 10.160000 7.620000 5.080000 2.540000 0.000000 27.135463 29.663515 32.193449 34.724852 37.257425 75.888217 75.310392 74.749679 74.206467 80.428776 79.883801 79.355409 78.843936 
86.517623 90.898245 72.009296 77.217424 21.740340 22.815060 24.110470 25.593080 27.232332 36.800787 36.017951 35.400437 34.957005 34.694333 34.616534 34.724852 29.745855 28.771702 27.994802 27.431920 27.096397 26.996711 27.135463 0.000000 2.540000 5.080000 7.620000 10.160000 51.653816 50.869751 50.105611 49.362320 55.710006 54.983813 54.277623 53.592227 
88.128798 89.217020 73.937302 75.231086 20.920348 21.740340 22.815060 24.110470 25.593080 39.199468 38.465481 37.887878 37.473893 37.228982 37.156491 37.257425 32.068781 31.167316 30.451596 29.934947 29.627783 29.536642 29.663515 2.540000 0.000000 2.540000 5.080000 7.620000 49.696352 48.880899 48.085164 47.310141 53.660126 52.905803 52.171493 51.458052 
89.782927 87.577198 75.901341 73.278955 20.385848 20.920348 21.740340 22.815060 24.110470 41.614924 40.924282 40.381864 39.993702 39.764315 39.696454 39.790946 34.422387 33.584157 32.921023 32.443721 32.160527 32.076584 32.193449 5.080000 2.540000 0.000000 2.540000 5.080000 47.793738 46.945247 46.116124 45.307432 51.653816 50.869751 50.105611 49.362320 
91.477681 85.981148 77.898689 71.363839 20.159559 20.385848 20.920348 21.740340 22.815060 44.044395 43.392437 42.881252 42.515915 42.300207 42.236421 42.325242 36.800787 36.017951 35.400437 34.957005 34.694333 34.616534 34.724852 7.620000 5.080000 2.540000 0.000000 2.540000 45.952786 45.069651 44.205362 43.361048 49.696352 48.880899 48.085164 47.310141 
93.210845 84.431353 79.926849 69.488797 20.251815 20.159559 20.385848 20.920348 21.740340 46.485683 45.868438 45.385149 45.040127 44.836565 44.776392 44.860184 39.199468 38.465481 37.887878 37.473893 37.228982 37.156491 37.257425 10.160000 7.620000 5.080000 2.540000 0.000000 44.181205 43.261920 42.360765 41.478921 47.793738 46.945247 46.116124 45.307432 
100.796321 40.777440 123.632346 82.388460 34.378087 32.014006 29.679008 27.380534 25.128609 77.508271 78.195416 78.958326 79.794829 80.702635 81.679367 82.722585 70.167853 70.926149 71.766376 72.685694 73.681142 74.749679 75.888217 51.653816 49.696352 47.793738 45.952786 44.181205 0.000000 1.270000 2.540000 3.810000 5.080000 5.236344 5.679613 6.350000 
101.247038 41.879160 122.816617 81.159244 33.950771 31.554693 29.182967 26.842051 24.540763 77.193752 77.842243 78.567533 79.367519 80.239966 81.182537 82.192820 69.820275 70.536588 71.336195 72.216332 73.174090 74.206467 75.310392 50.869751 48.880899 46.945247 45.069651 43.261920 1.270000 0.000000 1.270000 2.540000 5.236344 5.080000 5.236344 5.679613 
101.711616 42.990164 122.008654 79.931302 33.566095 31.140431 28.734533 26.353814 24.005767 76.898923 77.508271 78.195416 78.958326 79.794829 80.702635 81.679367 69.494171 70.167853 70.926149 71.766376 72.685694 73.681142 74.749679 50.105611 48.085164 46.116124 44.205362 42.360765 2.540000 1.270000 0.000000 1.270000 5.679613 5.236344 5.080000 5.236344 
102.189867 44.109752 121.208613 78.704695 33.225538 30.773041 28.335967 25.918664 23.527229 76.624012 77.193752 77.842243 78.567533 79.367519 80.239966 81.182537 69.189845 69.820275 70.536588 71.336195 72.216332 73.174090 74.206467 49.362320 47.310141 45.307432 43.361048 41.478921 3.810000 2.540000 1.270000 0.000000 6.350000 5.679613 5.236344 5.080000 
105.571089 38.467598 127.555139 81.270012 39.172375 36.765640 34.378087 32.014006 29.679008 82.430079 83.076524 83.795006 84.583689 85.440628 86.363793 87.351083 75.055274 75.764669 76.551808 77.414318 78.349711 79.355409 80.428776 55.710006 53.660126 51.653816 49.696352 47.793738 5.080000 5.236344 5.679613 6.350000 0.000000 1.270000 2.540000 3.810000 
106.001505 39.633578 126.764656 80.023617 38.797899 36.366390 33.950771 31.554693 29.182967 82.134408 82.744187 83.426872 84.180691 85.003752 85.894062 86.849556 74.730431 75.400111 76.148666 76.973795 77.873064 78.843936 79.883801 54.983813 52.905803 50.869751 48.880899 46.945247 5.236344 5.080000 5.236344 5.679613 1.270000 0.000000 1.270000 2.540000 
106.445335 40.805768 125.982015 78.777976 38.461732 36.007529 33.566095 31.140431 28.734533 81.857376 82.430079 83.076524 83.795006 84.583689 85.440628 86.363793 74.425844 75.055274 75.764669 76.551808 77.414318 78.349711 79.355409 54.277623 52.171493 50.105611 48.085164 46.116124 5.679613 5.236344 5.080000 5.236344 2.540000 1.270000 0.000000 1.270000 
106.902411 41.983649 125.207365 77.533126 38.164885 35.690276 33.225538 30.773041 28.335967 81.599172 82.134408 82.744187 83.426872 84.180691 85.003752 85.894062 74.141764 74.730431 75.400111 76.148666 76.973795 77.873064 78.843936 53.592227 51.458052 49.362320 47.310141 45.307432 6.350000 5.679613 5.236344 5.080000 3.810000 2.540000 1.270000 0.000000 
