68
# Circuit board instance
Size: large
Nodes: 68
0.000000 140.000000 140.000000 197.989899 103.104930 105.070552 107.060350 109.073000 111.107261 113.161966 115.236023 108.135537 110.011312 111.913299 113.840183 115.790721 117.763740 119.758126 150.166703 151.816606 153.490808 155.188522 156.908987 158.651461 160.415227 156.069169 157.657314 159.270132 160.906881 162.566838 164.249301 165.953583 72.148754 73.605437 75.119778 76.688364 78.307933 79.975388 81.687798 78.569837 79.909555 81.306566 82.757971 84.260957 85.812816 87.410943 162.165185 163.711065 165.281521 166.875861 168.493406 170.133495 171.795482 168.302911 169.792918 171.307629 172.846392 174.408573 175.993547 177.600703 124.444377 125.649961 126.856803 128.064866 126.141533 127.331050 128.522107 129.714662 
140.000000 0.000000 197.989899 140.000000 108.505052 110.374547 112.270380 114.191239 116.135882 118.103134 120.091884 103.452472 105.411614 107.395093 109.401585 111.429847 113.478712 115.547083 100.036583 102.496638 104.960503 107.427913 109.898631 112.372439 114.849136 98.393418 100.893546 103.395618 105.899496 108.405055 110.912181 113.420769 89.953153 91.125667 92.353170 93.633499 94.964516 96.344121 97.770257 83.221069 84.487063 85.809584 87.186058 88.613971 90.090878 91.614409 98.481379 101.006670 103.532681 106.059360 108.586660 111.114539 113.642959 97.945416 100.484177 103.022999 105.561878 108.100810 110.639791 113.178817 155.168275 156.136810 157.109641 158.086687 151.921285 152.910388 153.903615 154.900885 
140.000000 197.989899 0.000000 140.000000 89.622569 87.921552 86.261793 84.645719 83.075879 81.554944 80.085699 95.367042 93.770289 92.215859 90.705929 89.242756 87.828678 86.466103 122.651639 121.780407 120.956248 120.180129 119.452986 118.775720 118.149189 129.811292 128.988428 128.210611 127.478665 126.793386 126.155533 125.565830 116.010766 113.840307 111.685435 109.547069 107.426196 105.323872 103.241230 120.109427 118.014373 115.937108 113.878606 111.839904 109.822104 107.826380 135.965263 135.200289 134.478945 133.801937 133.169942 132.583602 132.043526 143.230147 142.504177 141.819988 141.178188 140.579357 140.024048 139.512778 45.021011 44.416228 43.839902 43.293170 49.519439 48.970244 48.448121 47.953957 
197.989899 140.000000 140.000000 0.000000 95.785826 94.196172 92.648888 91.146132 89.690140 88.283229 86.927780 90.022177 88.328855 86.676896 85.068708 83.506821 81.993880 80.532644 50.007036 47.830395 45.691278 43.595210 41.548706 39.559459 37.636549 46.633148 44.291009 41.971892 39.679833 37.419805 35.197977 33.022063 127.846098 125.879873 123.934512 122.011013 120.110426 118.233857 116.382466 123.202279 121.160716 119.138323 117.136091 115.155074 113.196385 111.261202 43.446375 40.989667 38.543759 36.110845 33.693740 31.296106 28.922787 42.217412 39.684697 37.152978 34.622471 32.093465 29.566343 27.041634 103.042138 102.779336 102.531594 102.299019 98.084482 97.808361 97.547994 97.303508 
103.104930 108.505052 89.622569 95.785826 0.000000 2.540000 5.080000 7.620000 10.160000 12.700000 15.240000 7.620000 8.032185 9.158100 10.776307 12.700000 14.810618 17.038838 51.924891 52.836489 53.852558 54.967305 56.174856 57.469362 58.845083 59.153510 59.955300 60.852620 61.841313 62.917071 64.075509 65.312228 39.252262 36.746631 34.246064 31.751757 29.265312 26.788917 24.325643 38.780321 36.242076 33.704096 31.166445 28.629211 26.092515 23.556530 66.041335 66.801800 67.649141 68.580137 69.591432 70.679578 71.841083 73.383764 74.068883 74.833984 75.676642 76.594297 77.584288 78.643882 47.034105 48.086854 49.149871 50.222504 44.359383 45.474096 46.596756 47.726803 
105.070552 110.374547 87.921552 94.196172 2.540000 0.000000 2.540000 5.080000 7.620000 10.160000 12.700000 8.032185 7.620000 8.032185 9.158100 10.776307 12.700000 14.810618 51.123354 51.924891 52.836489 53.852558 54.967305 56.174856 57.469362 58.451182 59.153510 59.955300 60.852620 61.841313 62.917071 64.075509 41.762046 39.252262 36.746631 34.246064 31.751757 29.265312 26.788917 41.318781 38.780321 36.242076 33.704096 31.166445 28.629211 26.092515 65.370777 66.041335 66.801800 67.649141 68.580137 69.591432 70.679578 72.780887 73.383764 74.068883 74.833984 75.676642 76.594297 77.584288 44.962289 45.992329 47.034105 48.086854 42.156319 43.253233 44.359383 45.474096 
107.060350 112.270380 86.261793 92.648888 5.080000 2.540000 0.000000 2.540000 5.080000 7.620000 10.160000 9.158100 8.032185 7.620000 8.032185 9.158100 10.776307 12.700000 50.437124 51.123354 51.924891 52.836489 53.852558 54.967305 56.174856 57.851939 58.451182 59.153510 59.955300 60.852620 61.841313 62.917071 44.275276 41.762046 39.252262 36.746631 34.246064 31.751757 29.265312 43.857420 41.318781 38.780321 36.242076 33.704096 31.166445 28.629211 64.792919 65.370777 66.041335 66.801800 67.649141 68.580137 69.591432 72.262309 72.780887 73.383764 74.068883 74.833984 75.676642 76.594297 42.940785 43.944810 44.962289 45.992329 39.993235 41.069382 42.156319 43.253233 
109.073000 114.191239 84.645719 91.146132 7.620000 5.080000 2.540000 0.000000 2.540000 5.080000 7.620000 10.776307 9.158100 8.032185 7.620000 8.032185 9.158100 10.776307 49.870962 50.437124 51.123354 51.924891 52.836489 53.852558 54.967305 57.359012 57.851939 58.451182 59.153510 59.955300 60.852620 61.841313 46.791397 44.275276 41.762046 39.252262 36.746631 34.246064 31.751757 46.396208 43.857420 41.318781 38.780321 36.242076 33.704096 31.166445 64.310259 64.792919 65.370777 66.041335 66.801800 67.649141 68.580137 71.829857 72.262309 72.780887 73.383764 74.068883 74.833984 75.676642 40.977040 41.951180 42.940785 43.944810 37.876981 38.928773 39.993235 41.069382 
111.107261 116.135882 83.075879 89.690140 10.160000 7.620000 5.080000 2.540000 0.000000 2.540000 5.080000 12.700000 10.776307 9.158100 8.032185 7.620000 8.032185 9.158100 49.428994 49.870962 50.437124 51.123354 51.924891 52.836489 53.852558 56.975159 57.359012 57.851939 58.451182 59.153510 59.955300 60.852620 49.309967 46.791397 44.275276 41.762046 39.252262 36.746631 34.246064 48.935121 46.396208 43.857420 41.318781 38.780321 36.242076 33.704096 63.924953 64.310259 64.792919 65.370777 66.041335 66.801800 67.649141 71.485093 71.829857 72.262309 72.780887 73.383764 74.068883 74.833984 39.079763 40.019495 40.977040 41.951180 35.815858 36.838944 37.876981 38.928773 
113.161966 118.103134 81.554944 88.283229 12.700000 10.160000 7.620000 5.080000 2.540000 0.000000 2.540000 14.810618 12.700000 10.776307 9.158100 8.032185 7.620000 8.032185 49.114572 49.428994 49.870962 50.437124 51.123354 51.924891 52.836489 56.702597 56.975159 57.359012 57.851939 58.451182 59.153510 59.955300 51.830628 49.309967 46.791397 44.275276 41.762046 39.252262 36.746631 51.474142 48.935121 46.396208 43.857420 41.318781 38.780321 36.242076 63.638770 63.924953 64.310259 64.792919 65.370777 66.041335 66.801800 71.229292 71.485093 71.829857 72.262309 72.780887 73.383764 74.068883 37.259107 38.159161 39.079763 40.019495 33.819948 34.809041 35.815858 36.838944 
115.236023 120.091884 80.085699 86.927780 15.240000 12.700000 10.160000 7.620000 5.080000 2.540000 0.000000 17.038838 14.810618 12.700000 10.776307 9.158100 8.032185 7.620000 48.930156 49.114572 49.428994 49.870962 50.437124 51.123354 51.924891 56.542935 56.702597 56.975159 57.359012 57.851939 58.451182 59.153510 54.353090 51.830628 49.309967 46.791397 44.275276 41.762046 39.252262 54.013255 51.474142 48.935121 46.396208 43.857420 41.318781 38.780321 63.453051 63.638770 63.924953 64.310259 64.792919 65.370777 66.041335 71.063413 71.229292 71.485093 71.829857 72.262309 72.780887 73.383764 35.526855 36.381126 37.259107 38.159161 31.901493 32.850178 33.819948 34.809041 
108.135537 103.452472 95.367042 90.022177 7.620000 8.032185 9.158100 10.776307 12.700000 14.810618 17.038838 0.000000 2.540000 5.080000 7.620000 10.160000 12.700000 15.240000 44.826106 45.878971 47.045546 48.317596 49.687020 51.145996 52.687087 51.924891 52.836489 53.852558 54.967305 56.174856 57.469362 58.845083 41.154534 38.772032 36.410829 34.075352 31.771277 29.505960 27.289054 39.252262 36.746631 34.246064 31.751757 29.265312 26.788917 24.325643 58.769616 59.622901 60.570752 61.608806 62.732585 63.937568 65.219254 66.041335 66.801800 67.649141 68.580137 69.591432 70.679578 71.841083 51.726776 52.685841 53.657824 54.642037 48.515852 49.537122 50.569662 51.612797 
110.011312 105.411614 93.770289 88.328855 8.032185 7.620000 8.032185 9.158100 10.776307 12.700000 14.810618 2.540000 0.000000 2.540000 5.080000 7.620000 10.160000 12.700000 43.895133 44.826106 45.878971 47.045546 48.317596 49.687020 51.145996 51.123354 51.924891 52.836489 53.852558 54.967305 56.174856 57.469362 43.554839 41.154534 38.772032 36.410829 34.075352 31.771277 29.505960 41.762046 39.252262 36.746631 34.246064 31.751757 29.265312 26.788917 58.015070 58.769616 59.622901 60.570752 61.608806 62.732585 63.937568 65.370777 66.041335 66.801800 67.649141 68.580137 69.591432 70.679578 49.850373 50.781361 51.726776 52.685841 46.510088 47.506581 48.515852 49.537122 
111.913299 107.395093 92.215859 86.676896 9.158100 8.032185 7.620000 8.032185 9.158100 10.776307 12.700000 5.080000 2.540000 0.000000 2.540000 5.080000 7.620000 10.160000 43.093954 43.895133 44.826106 45.878971 47.045546 48.317596 49.687020 50.437124 51.123354 51.924891 52.836489 53.852558 54.967305 56.174856 45.970160 43.554839 41.154534 38.772032 36.410829 34.075352 31.771277 44.275276 41.762046 39.252262 36.746631 34.246064 31.751757 29.265312 57.363161 58.015070 58.769616 59.622901 60.570752 61.608806 62.732585 64.792919 65.370777 66.041335 66.801800 67.649141 68.580137 69.591432 48.035022 48.934636 49.850373 50.781361 44.558859 45.527214 46.510088 47.506581 
113.840183 109.401585 90.705929 85.068708 10.776307 9.158100 8.032185 7.620000 8.032185 9.158100 10.776307 7.620000 5.080000 2.540000 0.000000 2.540000 5.080000 7.620000 42.429922 43.093954 43.895133 44.826106 45.878971 47.045546 48.317596 49.870962 50.437124 51.123354 51.924891 52.836489 53.852558 54.967305 48.398248 45.970160 43.554839 41.154534 38.772032 36.410829 34.075352 46.791397 44.275276 41.762046 39.252262 36.746631 34.246064 31.751757 56.817420 57.363161 58.015070 58.769616 59.622901 60.570752 61.608806 64.310259 64.792919 65.370777 66.041335 66.801800 67.649141 68.580137 46.287905 47.152453 48.035022 48.934636 42.669647 43.605991 44.558859 45.527214 
115.790721 111.429847 89.242756 83.506821 12.700000 10.776307 9.158100 8.032185 7.620000 8.032185 9.158100 10.160000 7.620000 5.080000 2.540000 0.000000 2.540000 5.080000 41.909555 42.429922 43.093954 43.895133 44.826106 45.878971 47.045546 49.428994 49.870962 50.437124 51.123354 51.924891 52.836489 53.852558 50.837274 48.398248 45.970160 43.554839 41.154534 38.772032 36.410829 49.309967 46.791397 44.275276 41.762046 39.252262 36.746631 34.246064 56.380932 56.817420 57.363161 58.015070 58.769616 59.622901 60.570752 63.924953 64.310259 64.792919 65.370777 66.041335 66.801800 67.649141 44.617038 45.442405 46.287905 47.152453 40.851055 41.750938 42.669647 43.605991 
117.763740 113.478712 87.828678 81.993880 14.810618 12.700000 10.776307 9.158100 8.032185 7.620000 8.032185 12.700000 10.160000 7.620000 5.080000 2.540000 0.000000 2.540000 41.538255 41.909555 42.429922 43.093954 43.895133 44.826106 45.878971 49.114572 49.428994 49.870962 50.437124 51.123354 51.924891 52.836489 53.285736 50.837274 48.398248 45.970160 43.554839 41.154534 38.772032 51.830628 49.309967 46.791397 44.275276 41.762046 39.252262 36.746631 56.056248 56.380932 56.817420 57.363161 58.015070 58.769616 59.622901 63.638770 63.924953 64.310259 64.792919 65.370777 66.041335 66.801800 43.031306 43.812941 44.617038 45.442405 39.112938 39.971270 40.851055 41.750938 
119.758126 115.547083 86.466103 80.532644 17.038838 14.810618 12.700000 10.776307 9.158100 8.032185 7.620000 15.240000 12.700000 10.160000 7.620000 5.080000 2.540000 0.000000 41.320038 41.538255 41.909555 42.429922 43.093954 43.895133 44.826106 48.930156 49.114572 49.428994 49.870962 50.437124 51.123354 51.924891 55.742390 53.285736 50.837274 48.398248 45.970160 43.554839 41.154534 54.353090 51.830628 49.309967 46.791397 44.275276 41.762046 39.252262 55.845318 56.056248 56.380932 56.817420 57.363161 58.015070 58.769616 63.453051 63.638770 63.924953 64.310259 64.792919 65.370777 66.041335 41.540459 42.273379 43.031306 43.812941 37.466496 38.277503 39.112938 39.971270 
150.166703 100.036583 122.651639 50.007036 51.924891 51.123354 50.437124 49.870962 49.428994 49.114572 48.930156 44.826106 43.895133 43.093954 42.429922 41.909555 41.538255 41.320038 0.000000 2.540000 5.080000 7.620000 10.160000 12.700000 15.240000 7.620000 8.032185 9.158100 10.776307 12.700000 14.810618 17.038838 78.767331 76.972843 75.221327 73.515852 71.859699 70.256354 68.709515 73.638215 71.715499 69.832244 67.991726 66.197512 64.453468 62.763777 14.527316 14.933749 15.744649 16.901903 18.340061 19.998614 21.827380 22.133299 22.402161 22.950686 23.759510 24.803182 26.053494 27.482258 78.413990 78.767811 79.140432 79.531590 73.537172 73.914341 74.311303 74.727743 
151.816606 102.496638 121.780407 47.830395 52.836489 51.924891 51.123354 50.437124 49.870962 49.428994 49.114572 45.878971 44.826106 43.895133 43.093954 42.429922 41.909555 41.538255 2.540000 0.000000 2.540000 5.080000 7.620000 10.160000 12.700000 8.032185 7.620000 8.032185 9.158100 10.776307 12.700000 14.810618 80.601920 78.767331 76.972843 75.221327 73.515852 71.859699 70.256354 75.597379 73.638215 71.715499 69.832244 67.991726 66.197512 64.453468 14.559265 14.527316 14.933749 15.744649 16.901903 18.340061 19.998614 22.154281 22.133299 22.402161 22.950686 23.759510 24.803182 26.053494 77.763763 78.079225 78.413990 78.767811 72.843426 73.180102 73.537172 73.914341 
153.490808 104.960503 120.956248 45.691278 53.852558 52.836489 51.924891 51.123354 50.437124 49.870962 49.428994 47.045546 45.878971 44.826106 43.895133 43.093954 42.429922 41.909555 5.080000 2.540000 0.000000 2.540000 5.080000 7.620000 10.160000 9.158100 8.032185 7.620000 8.032185 9.158100 10.776307 12.700000 82.473933 80.601920 78.767331 76.972843 75.221327 73.515852 71.859699 77.590231 75.597379 73.638215 71.715499 69.832244 67.991726 66.197512 15.026798 14.559265 14.527316 14.933749 15.744649 16.901903 18.340061 22.464297 22.154281 22.133299 22.402161 22.950686 23.759510 24.803182 77.191677 77.467839 77.763763 78.079225 72.232381 72.527429 72.843426 73.180102 
155.188522 107.427913 120.180129 43.595210 54.967305 53.852558 52.836489 51.924891 51.123354 50.437124 49.870962 48.317596 47.045546 45.878971 44.826106 43.895133 43.093954 42.429922 7.620000 5.080000 2.540000 0.000000 2.540000 5.080000 7.620000 10.776307 9.158100 8.032185 7.620000 8.032185 9.158100 10.776307 84.380881 82.473933 80.601920 78.767331 76.972843 75.221327 73.515852 79.614241 77.590231 75.597379 73.638215 71.715499 69.832244 67.991726 15.891518 15.026798 14.559265 14.527316 14.933749 15.744649 16.901903 23.051688 22.464297 22.154281 22.133299 22.402161 22.950686 23.759510 76.699482 76.935492 77.191677 77.467839 71.706153 71.958542 72.232381 72.527429 
156.908987 109.898631 119.452986 41.548706 56.174856 54.967305 53.852558 52.836489 51.924891 51.123354 50.437124 49.687020 48.317596 47.045546 45.878971 44.826106 43.895133 43.093954 10.160000 7.620000 5.080000 2.540000 0.000000 2.540000 5.080000 12.700000 10.776307 9.158100 8.032185 7.620000 8.032185 9.158100 86.320448 84.380881 82.473933 80.601920 78.767331 76.972843 75.221327 81.667093 79.614241 77.590231 75.597379 73.638215 71.715499 69.832244 17.093250 15.891518 15.026798 14.559265 14.527316 14.933749 15.744649 23.896008 23.051688 22.464297 22.154281 22.133299 22.402161 22.950686 76.288722 76.483834 76.699482 76.935492 71.266619 71.475442 71.706153 71.958542 
158.651461 112.372439 118.775720 39.559459 57.469362 56.174856 54.967305 53.852558 52.836489 51.924891 51.123354 51.145996 49.687020 48.317596 47.045546 45.878971 44.826106 43.895133 12.700000 10.160000 7.620000 5.080000 2.540000 0.000000 2.540000 14.810618 12.700000 10.776307 9.158100 8.032185 7.620000 8.032185 88.290484 86.320448 84.380881 82.473933 80.601920 78.767331 76.972843 83.746665 81.667093 79.614241 77.590231 75.597379 73.638215 71.715499 18.566671 17.093250 15.891518 15.026798 14.559265 14.527316 14.933749 24.971209 23.896008 23.051688 22.464297 22.154281 22.133299 22.402161 75.960720 76.114303 76.288722 76.483834 70.915392 71.079878 71.266619 71.475442 
160.415227 114.849136 118.149189 37.636549 58.845083 57.469362 56.174856 54.967305 53.852558 52.836489 51.924891 52.687087 51.145996 49.687020 48.317596 47.045546 45.878971 44.826106 15.240000 12.700000 10.160000 7.620000 5.080000 2.540000 0.000000 17.038838 14.810618 12.700000 10.776307 9.158100 8.032185 7.620000 90.288995 88.290484 86.320448 84.380881 82.473933 80.601920 78.767331 85.851016 83.746665 81.667093 79.614241 77.590231 75.597379 73.638215 20.252569 18.566671 17.093250 15.891518 15.026798 14.559265 14.527316 26.248934 24.971209 23.896008 23.051688 22.464297 22.154281 22.133299 75.716550 75.828099 75.960720 76.114303 70.653789 70.773317 70.915392 71.079878 
156.069169 98.393418 129.811292 46.633148 59.153510 58.451182 57.851939 57.359012 56.975159 56.702597 56.542935 51.924891 51.123354 50.437124 49.870962 49.428994 49.114572 48.930156 7.620000 8.032185 9.158100 10.776307 12.700000 14.810618 17.038838 0.000000 2.540000 5.080000 7.620000 10.160000 12.700000 15.240000 84.274118 82.599353 80.969640 79.387752 77.856605 76.379250 74.958869 78.767331 76.972843 75.221327 73.515852 71.859699 70.256354 68.709515 6.952103 7.765673 9.229453 11.088874 13.177506 15.402383 17.712237 14.527316 14.933749 15.744649 16.901903 18.340061 19.998614 21.827380 85.773452 86.097034 86.438066 86.796342 80.861781 81.204937 81.566426 81.946004 
157.657314 100.893546 128.988428 44.291009 59.955300 59.153510 58.451182 57.851939 57.359012 56.975159 56.702597 52.836489 51.924891 51.123354 50.437124 49.870962 49.428994 49.114572 8.032185 7.620000 8.032185 9.158100 10.776307 12.700000 14.810618 2.540000 0.000000 2.540000 5.080000 7.620000 10.160000 12.700000 85.991302 84.274118 82.599353 80.969640 79.387752 77.856605 76.379250 80.601920 78.767331 76.972843 75.221327 73.515852 71.859699 70.256354 7.018619 6.952103 7.765673 9.229453 11.088874 13.177506 15.402383 14.559265 14.527316 14.933749 15.744649 16.901903 18.340061 19.998614 85.179423 85.467518 85.773452 86.097034 80.231395 80.537192 80.861781 81.204937 
159.270132 103.395618 128.210611 41.971892 60.852620 59.955300 59.153510 58.451182 57.851939 57.359012 56.975159 53.852558 52.836489 51.924891 51.123354 50.437124 49.870962 49.428994 9.158100 8.032185 7.620000 8.032185 9.158100 10.776307 12.700000 5.080000 2.540000 0.000000 2.540000 5.080000 7.620000 10.160000 87.748415 85.991302 84.274118 82.599353 80.969640 79.387752 77.856605 82.473933 80.601920 78.767331 76.972843 75.221327 73.515852 71.859699 7.943140 7.018619 6.952103 7.765673 9.229453 11.088874 13.177506 15.026798 14.559265 14.527316 14.933749 15.744649 16.901903 18.340061 84.657465 84.909348 85.179423 85.467518 79.677029 79.944605 80.231395 80.537192 
160.906881 105.899496 127.478665 39.679833 61.841313 60.852620 59.955300 59.153510 58.451182 57.851939 57.359012 54.967305 53.852558 52.836489 51.924891 51.123354 50.437124 49.870962 10.776307 9.158100 8.032185 7.620000 8.032185 9.158100 10.776307 7.620000 5.080000 2.540000 0.000000 2.540000 5.080000 7.620000 89.543105 87.748415 85.991302 84.274118 82.599353 80.969640 79.387752 84.380881 82.473933 80.601920 78.767331 76.972843 75.221327 73.515852 9.477824 7.943140 7.018619 6.952103 7.765673 9.229453 11.088874 15.891518 15.026798 14.559265 14.527316 14.933749 15.744649 16.901903 84.208917 84.423937 84.657465 84.909348 79.200280 79.428860 79.677029 79.944605 
162.566838 108.405055 126.793386 37.419805 62.917071 61.841313 60.852620 59.955300 59.153510 58.451182 57.851939 56.174856 54.967305 53.852558 52.836489 51.924891 51.123354 50.437124 12.700000 10.776307 9.158100 8.032185 7.620000 8.032185 9.158100 10.160000 7.620000 5.080000 2.540000 0.000000 2.540000 5.080000 91.373160 89.543105 87.748415 85.991302 84.274118 82.599353 80.969640 86.320448 84.380881 82.473933 80.601920 78.767331 76.972843 75.221327 11.378401 9.477824 7.943140 7.018619 6.952103 7.765673 9.229453 17.093250 15.891518 15.026798 14.559265 14.527316 14.933749 15.744649 83.834959 84.012548 84.208917 84.423937 78.802557 78.991460 79.200280 79.428860 
164.249301 110.912181 126.155533 35.197977 64.075509 62.917071 61.841313 60.852620 59.955300 59.153510 58.451182 57.469362 56.174856 54.967305 53.852558 52.836489 51.924891 51.123354 14.810618 12.700000 10.776307 9.158100 8.032185 7.620000 8.032185 12.700000 10.160000 7.620000 5.080000 2.540000 0.000000 2.540000 93.236496 91.373160 89.543105 87.748415 85.991302 84.274118 82.599353 88.290484 86.320448 84.380881 82.473933 80.601920 78.767331 76.972843 13.491111 11.378401 9.477824 7.943140 7.018619 6.952103 7.765673 18.566671 17.093250 15.891518 15.026798 14.559265 14.527316 14.933749 83.536592 83.676271 83.834959 84.012548 78.485061 78.633714 78.802557 78.991460 
165.953583 113.420769 125.565830 33.022063 65.312228 64.075509 62.917071 61.841313 60.852620 59.955300 59.153510 58.845083 57.469362 56.174856 54.967305 53.852558 52.836489 51.924891 17.038838 14.810618 12.700000 10.776307 9.158100 8.032185 7.620000 15.240000 12.700000 10.160000 7.620000 5.080000 2.540000 0.000000 95.131158 93.236496 91.373160 89.543105 87.748415 85.991302 84.274118 90.288995 88.290484 86.320448 84.380881 82.473933 80.601920 78.767331 15.730714 13.491111 11.378401 9.477824 7.943140 7.018619 6.952103 20.252569 18.566671 17.093250 15.891518 15.026798 14.559265 14.527316 83.314628 83.416017 83.536592 83.676271 78.248769 78.356713 78.485061 78.633714 
72.148754 89.953153 116.010766 127.846098 39.252262 41.762046 44.275276 46.791397 49.309967 51.830628 54.353090 41.154534 43.554839 45.970160 48.398248 50.837274 53.285736 55.742390 78.767331 80.601920 82.473933 84.380881 86.320448 88.290484 90.288995 84.274118 85.991302 87.748415 89.543105 91.373160 93.236496 95.131158 0.000000 2.540000 5.080000 7.620000 10.160000 12.700000 15.240000 7.620000 8.032185 9.158100 10.776307 12.700000 14.810618 17.038838 90.189887 91.826549 93.503570 95.218819 96.970266 98.755985 100.574151 96.191610 97.727812 99.305225 100.921918 102.576033 104.265789 105.989481 80.176681 81.405633 82.635827 83.867207 79.038654 80.285028 81.532131 82.779931 
73.605437 91.125667 113.840307 125.879873 36.746631 39.252262 41.762046 44.275276 46.791397 49.309967 51.830628 38.772032 41.154534 43.554839 45.970160 48.398248 50.837274 53.285736 76.972843 78.767331 80.601920 82.473933 84.380881 86.320448 88.290484 82.599353 84.274118 85.991302 87.748415 89.543105 91.373160 93.236496 2.540000 0.000000 2.540000 5.080000 7.620000 10.160000 12.700000 8.032185 7.620000 8.032185 9.158100 10.776307 12.700000 14.810618 88.595822 90.189887 91.826549 93.503570 95.218819 96.970266 98.755985 94.698626 96.191610 97.727812 99.305225 100.921918 102.576033 104.265789 77.722737 78.949029 80.176681 81.405633 76.548236 77.793044 79.038654 80.285028 
75.119778 92.353170 111.685435 123.934512 34.246064 36.746631 39.252262 41.762046 44.275276 46.791397 49.309967 36.410829 38.772032 41.154534 43.554839 45.970160 48.398248 50.837274 75.221327 76.972843 78.767331 80.601920 82.473933 84.380881 86.320448 80.969640 82.599353 84.274118 85.991302 87.748415 89.543105 91.373160 5.080000 2.540000 0.000000 2.540000 5.080000 7.620000 10.160000 9.158100 8.032185 7.620000 8.032185 9.158100 10.776307 12.700000 87.046692 88.595822 90.189887 91.826549 93.503570 95.218819 96.970266 93.250934 94.698626 96.191610 97.727812 99.305225 100.921918 102.576033 75.274502 76.497872 77.722737 78.949029 74.061186 75.304269 76.548236 77.793044 
76.688364 93.633499 109.547069 122.011013 31.751757 34.246064 36.746631 39.252262 41.762046 44.275276 46.791397 34.075352 36.410829 38.772032 41.154534 43.554839 45.970160 48.398248 73.515852 75.221327 76.972843 78.767331 80.601920 82.473933 84.380881 79.387752 80.969640 82.599353 84.274118 85.991302 87.748415 89.543105 7.620000 5.080000 2.540000 0.000000 2.540000 5.080000 7.620000 10.776307 9.158100 8.032185 7.620000 8.032185 9.158100 10.776307 85.544941 87.046692 88.595822 90.189887 91.826549 93.503570 95.218819 91.850678 93.250934 94.698626 96.191610 97.727812 99.305225 100.921918 72.832552 74.052703 75.274502 76.497872 71.577855 72.819032 74.061186 75.304269 
78.307933 94.964516 107.426196 120.110426 29.265312 31.751757 34.246064 36.746631 39.252262 41.762046 44.275276 31.771277 34.075352 36.410829 38.772032 41.154534 43.554839 45.970160 71.859699 73.515852 75.221327 76.972843 78.767331 80.601920 82.473933 77.856605 79.387752 80.969640 82.599353 84.274118 85.991302 87.748415 10.160000 7.620000 5.080000 2.540000 0.000000 2.540000 5.080000 12.700000 10.776307 9.158100 8.032185 7.620000 8.032185 9.158100 84.093105 85.544941 87.046692 88.595822 90.189887 91.826549 93.503570 90.500058 91.850678 93.250934 94.698626 96.191610 97.727812 99.305225 70.397542 71.614135 72.832552 74.052703 69.098643 70.337707 71.577855 72.819032 
79.975388 96.344121 105.323872 118.233857 26.788917 29.265312 31.751757 34.246064 36.746631 39.252262 41.762046 29.505960 31.771277 34.075352 36.410829 38.772032 41.154534 43.554839 70.256354 71.859699 73.515852 75.221327 76.972843 78.767331 80.601920 76.379250 77.856605 79.387752 80.969640 82.599353 84.274118 85.991302 12.700000 10.160000 7.620000 5.080000 2.540000 0.000000 2.540000 14.810618 12.700000 10.776307 9.158100 8.032185 7.620000 8.032185 82.693814 84.093105 85.544941 87.046692 88.595822 90.189887 91.826549 89.201329 90.500058 91.850678 93.250934 94.698626 96.191610 97.727812 67.970216 69.182868 70.397542 71.614135 66.624011 67.860723 69.098643 70.337707 
81.687798 97.770257 103.241230 116.382466 24.325643 26.788917 29.265312 31.751757 34.246064 36.746631 39.252262 27.289054 29.505960 31.771277 34.075352 36.410829 38.772032 41.154534 68.709515 70.256354 71.859699 73.515852 75.221327 76.972843 78.767331 74.958869 76.379250 77.856605 79.387752 80.969640 82.599353 84.274118 15.240000 12.700000 10.160000 7.620000 5.080000 2.540000 0.000000 17.038838 14.810618 12.700000 10.776307 9.158100 8.032185 7.620000 81.349780 82.693814 84.093105 85.544941 87.046692 88.595822 90.189887 87.956790 89.201329 90.500058 91.850678 93.250934 94.698626 96.191610 65.551429 66.759697 67.970216 69.182868 64.154489 65.388575 66.624011 67.860723 
78.569837 83.221069 120.109427 123.202279 38.780321 41.318781 43.857420 46.396208 48.935121 51.474142 54.013255 39.252262 41.762046 44.275276 46.791397 49.309967 51.830628 54.353090 73.638215 75.597379 77.590231 79.614241 81.667093 83.746665 85.851016 78.767331 80.601920 82.473933 84.380881 86.320448 88.290484 90.288995 7.620000 8.032185 9.158100 10.776307 12.700000 14.810618 17.038838 0.000000 2.540000 5.080000 7.620000 10.160000 12.700000 15.240000 84.449597 86.195323 87.979750 89.800569 91.655611 93.542842 95.460351 90.189887 91.826549 93.503570 95.218819 96.970266 98.755985 100.574151 82.443079 83.638736 84.836554 86.036442 80.859451 82.078180 83.298441 84.520168 
79.909555 84.487063 118.014373 121.160716 36.242076 38.780321 41.318781 43.857420 46.396208 48.935121 51.474142 36.746631 39.252262 41.762046 44.275276 46.791397 49.309967 51.830628 71.715499 73.638215 75.597379 77.590231 79.614241 81.667093 83.746665 76.972843 78.767331 80.601920 82.473933 84.380881 86.320448 88.290484 8.032185 7.620000 8.032185 9.158100 10.776307 12.700000 14.810618 2.540000 0.000000 2.540000 5.080000 7.620000 10.160000 12.700000 82.745020 84.449597 86.195323 87.979750 89.800569 91.655611 93.542842 88.595822 90.189887 91.826549 93.503570 95.218819 96.970266 98.755985 80.058634 81.249678 82.443079 83.638736 78.426873 79.642323 80.859451 82.078180 
81.306566 85.809584 115.937108 119.138323 33.704096 36.242076 38.780321 41.318781 43.857420 46.396208 48.935121 34.246064 36.746631 39.252262 41.762046 44.275276 46.791397 49.309967 69.832244 71.715499 73.638215 75.597379 77.590231 79.614241 81.667093 75.221327 76.972843 78.767331 80.601920 82.473933 84.380881 86.320448 9.158100 8.032185 7.620000 8.032185 9.158100 10.776307 12.700000 5.080000 2.540000 0.000000 2.540000 5.080000 7.620000 10.160000 81.084186 82.745020 84.449597 86.195323 87.979750 89.800569 91.655611 87.046692 88.595822 90.189887 91.826549 93.503570 95.218819 96.970266 77.684051 78.870054 80.058634 81.249678 76.001323 77.213178 78.426873 79.642323 
82.757971 87.186058 113.878606 117.136091 31.166445 33.704096 36.242076 38.780321 41.318781 43.857420 46.396208 31.751757 34.246064 36.746631 39.252262 41.762046 44.275276 46.791397 67.991726 69.832244 71.715499 73.638215 75.597379 77.590231 79.614241 73.515852 75.221327 76.972843 78.767331 80.601920 82.473933 84.380881 10.776307 9.158100 8.032185 7.620000 8.032185 9.158100 10.776307 7.620000 5.080000 2.540000 0.000000 2.540000 5.080000 7.620000 79.469840 81.084186 82.745020 84.449597 86.195323 87.979750 89.800569 85.544941 87.046692 88.595822 90.189887 91.826549 93.503570 95.218819 75.320261 76.500744 77.684051 78.870054 73.583498 74.791398 76.001323 77.213178 
84.260957 88.613971 111.839904 115.155074 28.629211 31.166445 33.704096 36.242076 38.780321 41.318781 43.857420 29.265312 31.751757 34.246064 36.746631 39.252262 41.762046 44.275276 66.197512 67.991726 69.832244 71.715499 73.638215 75.597379 77.590231 71.859699 73.515852 75.221327 76.972843 78.767331 80.601920 82.473933 12.700000 10.776307 9.158100 8.032185 7.620000 8.032185 9.158100 10.160000 7.620000 5.080000 2.540000 0.000000 2.540000 5.080000 77.904871 79.469840 81.084186 82.745020 84.449597 86.195323 87.979750 84.093105 85.544941 87.046692 88.595822 90.189887 91.826549 93.503570 72.968315 74.142737 75.320261 76.500744 71.174183 72.377724 73.583498 74.791398 
85.812816 90.090878 109.822104 113.196385 26.092515 28.629211 31.166445 33.704096 36.242076 38.780321 41.318781 26.788917 29.265312 31.751757 34.246064 36.746631 39.252262 41.762046 64.453468 66.197512 67.991726 69.832244 71.715499 73.638215 75.597379 70.256354 71.859699 73.515852 75.221327 76.972843 78.767331 80.601920 14.810618 12.700000 10.776307 9.158100 8.032185 7.620000 8.032185 12.700000 10.160000 7.620000 5.080000 2.540000 0.000000 2.540000 76.392314 77.904871 79.469840 81.084186 82.745020 84.449597 86.195323 82.693814 84.093105 85.544941 87.046692 88.595822 90.189887 91.826549 70.629395 71.797147 72.968315 74.142737 68.774274 69.972992 71.174183 72.377724 
87.410943 91.614409 107.826380 111.261202 23.556530 26.092515 28.629211 31.166445 33.704096 36.242076 38.780321 24.325643 26.788917 29.265312 31.751757 34.246064 36.746631 39.252262 62.763777 64.453468 66.197512 67.991726 69.832244 71.715499 73.638215 68.709515 70.256354 71.859699 73.515852 75.221327 76.972843 78.767331 17.038838 14.810618 12.700000 10.776307 9.158100 8.032185 7.620000 15.240000 12.700000 10.160000 7.620000 5.080000 2.540000 0.000000 74.935342 76.392314 77.904871 79.469840 81.084186 82.745020 84.449597 81.349780 82.693814 84.093105 85.544941 87.046692 88.595822 90.189887 68.304839 69.465231 70.629395 71.797147 66.384790 67.578160 68.774274 69.972992 
162.165185 98.481379 135.965263 43.446375 66.041335 65.370777 64.792919 64.310259 63.924953 63.638770 63.453051 58.769616 58.015070 57.363161 56.817420 56.380932 56.056248 55.845318 14.527316 14.559265 15.026798 15.891518 17.093250 18.566671 20.252569 6.952103 7.018619 7.943140 9.477824 11.378401 13.491111 15.730714 90.189887 88.595822 87.046692 85.544941 84.093105 82.693814 81.349780 84.449597 82.745020 81.084186 79.469840 77.904871 76.392314 74.935342 0.000000 2.540000 5.080000 7.620000 10.160000 12.700000 15.240000 7.620000 8.032185 9.158100 10.776307 12.700000 14.810618 17.038838 92.197488 92.483673 92.786360 93.105388 87.247664 87.550031 87.869715 88.206527 
163.711065 101.006670 135.200289 40.989667 66.801800 66.041335 65.370777 64.792919 64.310259 63.924953 63.638770 59.622901 58.769616 58.015070 57.363161 56.817420 56.380932 56.056248 14.933749 14.527316 14.559265 15.026798 15.891518 17.093250 18.566671 7.765673 6.952103 7.018619 7.943140 9.477824 11.378401 13.491111 91.826549 90.189887 88.595822 87.046692 85.544941 84.093105 82.693814 86.195323 84.449597 82.745020 81.084186 79.469840 77.904871 76.392314 2.540000 0.000000 2.540000 5.080000 7.620000 10.160000 12.700000 8.032185 7.620000 8.032185 9.158100 10.776307 12.700000 14.810618 91.675232 91.927959 92.197488 92.483673 86.695596 86.962795 87.247664 87.550031 
165.281521 103.532681 134.478945 38.543759 67.649141 66.801800 66.041335 65.370777 64.792919 64.310259 63.924953 60.570752 59.622901 58.769616 58.015070 57.363161 56.817420 56.380932 15.744649 14.933749 14.527316 14.559265 15.026798 15.891518 17.093250 9.229453 7.765673 6.952103 7.018619 7.943140 9.477824 11.378401 93.503570 91.826549 90.189887 88.595822 87.046692 85.544941 84.093105 87.979750 86.195323 84.449597 82.745020 81.084186 79.469840 77.904871 5.080000 2.540000 0.000000 2.540000 5.080000 7.620000 10.160000 9.158100 8.032185 7.620000 8.032185 9.158100 10.776307 12.700000 91.220737 91.439448 91.675232 91.927959 86.214853 86.446230 86.695596 86.962795 
166.875861 106.059360 133.801937 36.110845 68.580137 67.649141 66.801800 66.041335 65.370777 64.792919 64.310259 61.608806 60.570752 59.622901 58.769616 58.015070 57.363161 56.817420 16.901903 15.744649 14.933749 14.527316 14.559265 15.026798 15.891518 11.088874 9.229453 7.765673 6.952103 7.018619 7.943140 9.477824 95.218819 93.503570 91.826549 90.189887 88.595822 87.046692 85.544941 89.800569 87.979750 86.195323 84.449597 82.745020 81.084186 79.469840 7.620000 5.080000 2.540000 0.000000 2.540000 5.080000 7.620000 10.776307 9.158100 8.032185 7.620000 8.032185 9.158100 10.776307 90.835018 91.019222 91.220737 91.439448 85.806635 86.001610 86.214853 86.446230 
168.493406 108.586660 133.169942 33.693740 69.591432 68.580137 67.649141 66.801800 66.041335 65.370777 64.792919 62.732585 61.608806 60.570752 59.622901 58.769616 58.015070 57.363161 18.340061 16.901903 15.744649 14.933749 14.527316 14.559265 15.026798 13.177506 11.088874 9.229453 7.765673 6.952103 7.018619 7.943140 96.970266 95.218819 93.503570 91.826549 90.189887 88.595822 87.046692 91.655611 89.800569 87.979750 86.195323 84.449597 82.745020 81.084186 10.160000 7.620000 5.080000 2.540000 0.000000 2.540000 5.080000 12.700000 10.776307 9.158100 8.032185 7.620000 8.032185 9.158100 90.518957 90.668231 90.835018 91.019222 85.471982 85.630055 85.806635 86.001610 
170.133495 111.114539 132.583602 31.296106 70.679578 69.591432 68.580137 67.649141 66.801800 66.041335 65.370777 63.937568 62.732585 61.608806 60.570752 59.622901 58.769616 58.015070 19.998614 18.340061 16.901903 15.744649 14.933749 14.527316 14.559265 15.402383 13.177506 11.088874 9.229453 7.765673 6.952103 7.018619 98.755985 96.970266 95.218819 93.503570 91.826549 90.189887 88.595822 93.542842 91.655611 89.800569 87.979750 86.195323 84.449597 82.745020 12.700000 10.160000 7.620000 5.080000 2.540000 0.000000 2.540000 14.810618 12.700000 10.776307 9.158100 8.032185 7.620000 8.032185 90.273283 90.387282 90.518957 90.668231 85.211759 85.332519 85.471982 85.630055 
171.795482 113.642959 132.043526 28.922787 71.841083 70.679578 69.591432 68.580137 67.649141 66.801800 66.041335 65.219254 63.937568 62.732585 61.608806 60.570752 59.622901 58.769616 21.827380 19.998614 18.340061 16.901903 15.744649 14.933749 14.527316 17.712237 15.402383 13.177506 11.088874 9.229453 7.765673 6.952103 100.574151 98.755985 96.970266 95.218819 93.503570 91.826549 90.189887 95.460351 93.542842 91.655611 89.800569 87.979750 86.195323 84.449597 15.240000 12.700000 10.160000 7.620000 5.080000 2.540000 0.000000 17.038838 14.810618 12.700000 10.776307 9.158100 8.032185 7.620000 90.098574 90.177028 90.273283 90.387282 85.026650 85.109780 85.211759 85.332519 
168.302911 97.945416 143.230147 42.217412 73.383764 72.780887 72.262309 71.829857 71.485093 71.229292 71.063413 66.041335 65.370777 64.792919 64.310259 63.924953 63.638770 63.453051 22.133299 22.154281 22.464297 23.051688 23.896008 24.971209 26.248934 14.527316 14.559265 15.026798 15.891518 17.093250 18.566671 20.252569 96.191610 94.698626 93.250934 91.850678 90.500058 89.201329 87.956790 90.189887 88.595822 87.046692 85.544941 84.093105 82.693814 81.349780 7.620000 8.032185 9.158100 10.776307 12.700000 14.810618 17.038838 0.000000 2.540000 5.080000 7.620000 10.160000 12.700000 15.240000 99.646795 99.911644 100.191893 100.487413 94.677572 94.956283 95.251112 95.561912 
169.792918 100.484177 142.504177 39.684697 74.068883 73.383764 72.780887 72.262309 71.829857 71.485093 71.229292 66.801800 66.041335 65.370777 64.792919 64.310259 63.924953 63.638770 22.402161 22.133299 22.154281 22.464297 23.051688 23.896008 24.971209 14.933749 14.527316 14.559265 15.026798 15.891518 17.093250 18.566671 97.727812 96.191610 94.698626 93.250934 91.850678 90.500058 89.201329 91.826549 90.189887 88.595822 87.046692 85.544941 84.093105 82.693814 8.032185 7.620000 8.032185 9.158100 10.776307 12.700000 14.810618 2.540000 0.000000 2.540000 5.080000 7.620000 10.160000 12.700000 99.163779 99.397467 99.646795 99.911644 94.169071 94.415123 94.677572 94.956283 
171.307629 103.022999 141.819988 37.152978 74.833984 74.068883 73.383764 72.780887 72.262309 71.829857 71.485093 67.649141 66.801800 66.041335 65.370777 64.792919 64.310259 63.924953 22.950686 22.402161 22.133299 22.154281 22.464297 23.051688 23.896008 15.744649 14.933749 14.527316 14.559265 15.026798 15.891518 17.093250 99.305225 97.727812 96.191610 94.698626 93.250934 91.850678 90.500058 93.503570 91.826549 90.189887 88.595822 87.046692 85.544941 84.093105 9.158100 8.032185 7.620000 8.032185 9.158100 10.776307 12.700000 5.080000 2.540000 0.000000 2.540000 5.080000 7.620000 10.160000 98.743757 98.945841 99.163779 99.397467 93.726669 93.939546 94.169071 94.415123 
172.846392 105.561878 141.178188 34.622471 75.676642 74.833984 74.068883 73.383764 72.780887 72.262309 71.829857 68.580137 67.649141 66.801800 66.041335 65.370777 64.792919 64.310259 23.759510 22.950686 22.402161 22.133299 22.154281 22.464297 23.051688 16.901903 15.744649 14.933749 14.527316 14.559265 15.026798 15.891518 100.921918 99.305225 97.727812 96.191610 94.698626 93.250934 91.850678 95.218819 93.503570 91.826549 90.189887 88.595822 87.046692 85.544941 10.776307 9.158100 8.032185 7.620000 8.032185 9.158100 10.776307 7.620000 5.080000 2.540000 0.000000 2.540000 5.080000 7.620000 98.387537 98.557626 98.743757 98.945841 93.351306 93.530554 93.726669 93.939546 
174.408573 108.100810 140.579357 32.093465 76.594297 75.676642 74.833984 74.068883 73.383764 72.780887 72.262309 69.591432 68.580137 67.649141 66.801800 66.041335 65.370777 64.792919 24.803182 23.759510 22.950686 22.402161 22.133299 22.154281 22.464297 18.340061 16.901903 15.744649 14.933749 14.527316 14.559265 15.026798 102.576033 100.921918 99.305225 97.727812 96.191610 94.698626 93.250934 96.970266 95.218819 93.503570 91.826549 90.189887 88.595822 87.046692 12.700000 10.776307 9.158100 8.032185 7.620000 8.032185 9.158100 10.160000 7.620000 5.080000 2.540000 0.000000 2.540000 5.080000 98.095812 98.233573 98.387537 98.557626 93.043792 93.189022 93.351306 93.530554 
175.993547 110.639791 140.024048 29.566343 77.584288 76.594297 75.676642 74.833984 74.068883 73.383764 72.780887 70.679578 69.591432 68.580137 67.649141 66.801800 66.041335 65.370777 26.053494 24.803182 23.759510 22.950686 22.402161 22.133299 22.154281 19.998614 18.340061 16.901903 15.744649 14.933749 14.527316 14.559265 104.265789 102.576033 100.921918 99.305225 97.727812 96.191610 94.698626 98.755985 96.970266 95.218819 93.503570 91.826549 90.189887 88.595822 14.810618 12.700000 10.776307 9.158100 8.032185 7.620000 8.032185 12.700000 10.160000 7.620000 5.080000 2.540000 0.000000 2.540000 97.869160 97.974321 98.095812 98.233573 92.804803 92.915695 93.043792 93.189022 
177.600703 113.178817 139.512778 27.041634 78.643882 77.584288 76.594297 75.676642 74.833984 74.068883 73.383764 71.841083 70.679578 69.591432 68.580137 67.649141 66.801800 66.041335 27.482258 26.053494 24.803182 23.759510 22.950686 22.402161 22.133299 21.827380 19.998614 18.340061 16.901903 15.744649 14.933749 14.527316 105.989481 104.265789 102.576033 100.921918 99.305225 97.727812 96.191610 100.574151 98.755985 96.970266 95.218819 93.503570 91.826549 90.189887 17.038838 14.810618 12.700000 10.776307 9.158100 8.032185 7.620000 15.240000 12.700000 10.160000 7.620000 5.080000 2.540000 0.000000 97.708034 97.780383 97.869160 97.974321 92.634868 92.711176 92.804803 92.915695 
124.444377 155.168275 45.021011 103.042138 47.034105 44.962289 42.940785 40.977040 39.079763 37.259107 35.526855 51.726776 49.850373 48.035022 46.287905 44.617038 43.031306 41.540459 78.413990 77.763763 77.191677 76.699482 76.288722 75.960720 75.716550 85.773452 85.179423 84.657465 84.208917 83.834959 83.536592 83.314628 80.176681 77.722737 75.274502 72.832552 70.397542 67.970216 65.551429 82.443079 80.058634 77.684051 75.320261 72.968315 70.629395 68.304839 92.197488 91.675232 91.220737 90.835018 90.518957 90.273283 90.098574 99.646795 99.163779 98.743757 98.387537 98.095812 97.869160 97.708034 0.000000 1.270000 2.540000 3.810000 5.080000 5.236344 5.679613 6.350000 
125.649961 156.136810 44.416228 102.779336 48.086854 45.992329 43.944810 41.951180 40.019495 38.159161 36.381126 52.685841 50.781361 48.934636 47.152453 45.442405 43.812941 42.273379 78.767811 78.079225 77.467839 76.935492 76.483834 76.114303 75.828099 86.097034 85.467518 84.909348 84.423937 84.012548 83.676271 83.416017 81.405633 78.949029 76.497872 74.052703 71.614135 69.182868 66.759697 83.638736 81.249678 78.870054 76.500744 74.142737 71.797147 69.465231 92.483673 91.927959 91.439448 91.019222 90.668231 90.387282 90.177028 99.911644 99.397467 98.945841 98.557626 98.233573 97.974321 97.780383 1.270000 0.000000 1.270000 2.540000 5.236344 5.080000 5.236344 5.679613 
126.856803 157.109641 43.839902 102.531594 49.149871 47.034105 44.962289 42.940785 40.977040 39.079763 37.259107 53.657824 51.726776 49.850373 48.035022 46.287905 44.617038 43.031306 79.140432 78.413990 77.763763 77.191677 76.699482 76.288722 75.960720 86.438066 85.773452 85.179423 84.657465 84.208917 83.834959 83.536592 82.635827 80.176681 77.722737 75.274502 72.832552 70.397542 67.970216 84.836554 82.443079 80.058634 77.684051 75.320261 72.968315 70.629395 92.786360 92.197488 91.675232 91.220737 90.835018 90.518957 90.273283 100.191893 99.646795 99.163779 98.743757 98.387537 98.095812 97.869160 2.540000 1.270000 0.000000 1.270000 5.679613 5.236344 5.080000 5.236344 
128.064866 158.086687 43.293170 102.299019 50.222504 48.086854 45.992329 43.944810 41.951180 40.019495 38.159161 54.642037 52.685841 50.781361 48.934636 47.152453 45.442405 43.812941 79.531590 78.767811 78.079225 77.467839 76.935492 76.483834 76.114303 86.796342 86.097034 85.467518 84.909348 84.423937 84.012548 83.676271 83.867207 81.405633 78.949029 76.497872 74.052703 71.614135 69.182868 86.036442 83.638736 81.249678 78.870054 76.500744 74.142737 71.797147 93.105388 92.483673 91.927959 91.439448 91.019222 90.668231 90.387282 100.487413 99.911644 99.397467 98.945841 98.557626 98.233573 97.974321 3.810000 2.540000 1.270000 0.000000 6.350000 5.679613 5.236344 5.080000 
126.141533 151.921285 49.519439 98.084482 44.359383 42.156319 39.993235 37.876981 35.815858 33.819948 31.901493 48.515852 46.510088 44.558859 42.669647 40.851055 39.112938 37.466496 73.537172 72.843426 72.232381 71.706153 71.266619 70.915392 70.653789 80.861781 80.231395 79.677029 79.200280 78.802557 78.485061 78.248769 79.038654 76.548236 74.061186 71.577855 69.098643 66.624011 64.154489 80.859451 78.426873 76.001323 73.583498 71.174183 68.774274 66.384790 87.247664 86.695596 86.214853 85.806635 85.471982 85.211759 85.026650 94.677572 94.169071 93.726669 93.351306 93.043792 92.804803 92.634868 5.080000 5.236344 5.679613 6.350000 0.000000 1.270000 2.540000 3.810000 
127.331050 152.910388 48.970244 97.808361 45.474096 43.253233 41.069382 38.928773 36.838944 34.809041 32.850178 49.537122 47.506581 45.527214 43.605991 41.750938 39.971270 38.277503 73.914341 73.180102 72.527429 71.958542 71.475442 71.079878 70.773317 81.204937 80.537192 79.944605 79.428860 78.991460 78.633714 78.356713 80.285028 77.793044 75.304269 72.819032 70.337707 67.860723 65.388575 82.078180 79.642323 77.213178 74.791398 72.377724 69.972992 67.578160 87.550031 86.962795 86.446230 86.001610 85.630055 85.332519 85.109780 94.956283 94.415123 93.939546 93.530554 93.189022 92.915695 92.711176 5.236344 5.080000 5.236344 5.679613 1.270000 0.000000 1.270000 2.540000 
128.522107 153.903615 48.448121 97.547994 46.596756 44.359383 42.156319 39.993235 37.876981 35.815858 33.819948 50.569662 48.515852 46.510088 44.558859 42.669647 40.851055 39.112938 74.311303 73.537172 72.843426 72.232381 71.706153 71.266619 70.915392 81.566426 80.861781 80.231395 79.677029 79.200280 78.802557 78.485061 81.532131 79.038654 76.548236 74.061186 71.577855 69.098643 66.624011 83.298441 80.859451 78.426873 76.001323 73.583498 71.174183 68.774274 87.869715 87.247664 86.695596 86.214853 85.806635 85.471982 85.211759 95.251112 94.677572 94.169071 93.726669 93.351306 93.043792 92.804803 5.679613 5.236344 5.080000 5.236344 2.540000 1.270000 0.000000 1.270000 
129.714662 154.900885 47.953957 97.303508 47.726803 45.474096 43.253233 41.069382 38.928773 36.838944 34.809041 51.612797 49.537122 47.506581 45.527214 43.605991 41.750938 39.971270 74.727743 73.914341 73.180102 72.527429 71.958542 71.475442 71.079878 81.946004 81.204937 80.537192 79.944605 79.428860 78.991460 78.633714 82.779931 80.285028 77.793044 75.304269 72.819032 70.337707 67.860723 84.520168 82.078180 79.642323 77.213178 74.791398 72.377724 69.972992 88.206527 87.550031 86.962795 86.446230 86.001610 85.630055 85.332519 95.561912 94.956283 94.415123 93.939546 93.530554 93.189022 92.915695 6.350000 5.679613 5.236344 5.080000 3.810000 2.540000 1.270000 0.000000 
