68
# Circuit board instance
Size: large
Nodes: 68
0.000000 140.000000 140.000000 197.989899 128.712368 129.967454 131.259696 132.588007 133.951314 135.348561 136.778706 135.419876 136.613354 137.843306 139.108766 140.408774 141.742380 143.108643 142.592054 144.244585 145.922615 147.625277 149.351726 151.101149 152.872756 148.493605 150.081167 151.694648 153.333228 154.996112 156.682525 158.391717 101.448364 101.749833 102.066215 102.397372 106.396899 106.684385 106.986175 107.302150 98.833412 100.070512 101.356178 102.688585 104.065937 105.486475 106.948476 105.592279 106.751082 107.957218 109.209119 110.505228 111.844009 113.223949 127.182863 128.047995 128.957360 129.910028 130.905055 131.941482 133.018341 134.395033 135.214028 136.075512 136.978684 137.922724 138.906799 139.930066 
140.000000 0.000000 197.989899 140.000000 68.434780 70.767115 73.113290 75.472015 77.842149 80.222680 82.612710 65.737268 68.161967 70.594777 73.034884 75.481583 77.934252 80.392345 97.147434 99.557171 101.973230 104.395174 106.822601 109.255147 111.692477 94.983581 97.446841 99.913945 102.384613 104.858594 107.335660 109.815600 47.514928 48.155232 48.820181 49.508783 43.171726 43.875459 44.604256 45.356909 71.060074 72.770862 74.528959 76.331097 78.174229 80.055526 81.972357 65.556237 67.406857 69.301168 71.235682 73.207215 75.212853 77.249942 46.705046 49.011935 51.340835 53.688882 56.053672 58.433169 60.825650 43.980742 46.423206 48.875614 51.336541 53.804818 56.279478 58.759714 
140.000000 197.989899 0.000000 140.000000 136.482698 135.059218 133.668848 132.312633 130.991633 129.706924 128.459595 142.825755 141.466115 140.139325 138.846326 137.588071 136.365522 135.179647 119.003217 118.002424 117.048201 116.141698 115.284040 114.476325 113.719616 126.014374 125.069695 124.169795 123.315655 122.508230 121.748452 121.037217 152.698154 151.731289 150.768922 149.811139 156.029663 155.083570 154.142134 153.205440 127.126114 125.283331 123.465300 121.673132 119.907985 118.171070 116.463651 132.448990 130.681288 128.939391 127.224357 125.537289 123.879328 122.251659 154.791924 153.199700 151.633306 150.093552 148.581265 147.097293 145.642501 160.770283 159.237848 157.731430 156.251780 154.799666 153.375871 151.981191 
197.989899 140.000000 140.000000 0.000000 82.121692 79.733542 77.355067 74.987188 72.630940 70.287493 67.958172 79.887681 77.430660 74.979169 72.533769 70.095097 67.663882 65.240956 57.156765 55.042729 52.966135 50.931563 48.944253 47.010201 45.136252 53.396183 51.126888 48.884231 46.672055 44.494905 42.358182 40.268323 123.622911 122.426639 121.231867 120.038641 122.019480 120.807332 119.596385 118.386675 106.969807 104.773106 102.592257 100.428292 98.282326 96.155565 94.049311 103.395482 101.121165 98.859786 96.612256 94.379562 92.162784 89.963098 99.831961 97.344896 94.860636 92.379408 89.901463 87.427080 84.956569 98.586838 96.067544 93.549370 91.032409 88.516763 86.002550 83.489897 
128.712368 68.434780 136.482698 82.121692 0.000000 2.540000 5.080000 7.620000 10.160000 12.700000 15.240000 7.620000 8.032185 9.158100 10.776307 12.700000 14.810618 17.038838 29.609090 32.132391 34.658133 37.185816 39.715072 42.245616 44.777232 29.680800 32.198483 34.719416 37.242941 39.768563 42.295908 44.824683 41.501507 40.305411 39.113974 37.927636 40.106127 38.867112 37.630164 36.395492 29.903576 28.671837 27.619337 26.767229 26.135120 25.739224 25.590506 23.712973 22.139454 20.758347 19.610348 18.738348 18.182102 17.970954 21.789609 19.426311 17.113717 14.875491 12.750857 10.807019 9.159814 25.450471 23.458921 21.582834 19.854965 18.317308 17.021489 16.026279 
129.967454 70.767115 135.059218 79.733542 2.540000 0.000000 2.540000 5.080000 7.620000 10.160000 12.700000 8.032185 7.620000 8.032185 9.158100 10.776307 12.700000 14.810618 27.088910 29.609090 32.132391 34.658133 37.185816 39.715072 42.245616 27.167273 29.680800 32.198483 34.719416 37.242941 39.768563 42.295908 43.906156 42.701872 41.501507 40.305411 42.589632 41.347021 40.106127 38.867112 31.293397 29.903576 28.671837 27.619337 26.767229 26.135120 25.739224 25.443230 23.712973 22.139454 20.758347 19.610348 18.738348 18.182102 24.188752 21.789609 19.426311 17.113717 14.875491 12.750857 10.807019 27.532438 25.450471 23.458921 21.582834 19.854965 18.317308 17.021489 
131.259696 73.113290 133.668848 77.355067 5.080000 2.540000 0.000000 2.540000 5.080000 7.620000 10.160000 9.158100 8.032185 7.620000 8.032185 9.158100 10.776307 12.700000 24.572811 27.088910 29.609090 32.132391 34.658133 37.185816 39.715072 24.659172 27.167273 29.680800 32.198483 34.719416 37.242941 39.768563 46.325253 45.114043 43.906156 42.701872 45.079434 43.833813 42.589632 41.347021 32.821224 31.293397 29.903576 28.671837 27.619337 26.767229 26.135120 27.300439 25.443230 23.712973 22.139454 20.758347 19.610348 18.738348 26.614049 24.188752 21.789609 19.426311 17.113717 14.875491 12.750857 29.685805 27.532438 25.450471 23.458921 21.582834 19.854965 18.317308 
132.588007 75.472015 132.312633 74.987188 7.620000 5.080000 2.540000 0.000000 2.540000 5.080000 7.620000 10.776307 9.158100 8.032185 7.620000 8.032185 9.158100 10.776307 22.062191 24.572811 27.088910 29.609090 32.132391 34.658133 37.185816 22.158339 24.659172 27.167273 29.680800 32.198483 34.719416 37.242941 48.756649 47.539531 46.325253 45.114043 47.574543 46.326378 45.079434 43.833813 34.468711 32.821224 31.293397 29.903576 28.671837 27.619337 26.767229 29.260438 27.300439 25.443230 23.712973 22.139454 20.758347 19.610348 29.058952 26.614049 24.188752 21.789609 19.426311 17.113717 14.875491 31.896114 29.685805 27.532438 25.450471 23.458921 21.582834 19.854965 
133.951314 77.842149 130.991633 72.630940 10.160000 7.620000 5.080000 2.540000 0.000000 2.540000 5.080000 12.700000 10.776307 9.158100 8.032185 7.620000 8.032185 9.158100 19.559159 22.062191 24.572811 27.088910 29.609090 32.132391 34.658133 19.667547 22.158339 24.659172 27.167273 29.680800 32.198483 34.719416 51.198592 49.976399 48.756649 47.539531 50.074166 48.823833 47.574543 46.326378 36.219531 34.468711 32.821224 31.293397 29.903576 28.671837 27.619337 31.303924 29.260438 27.300439 25.443230 23.712973 22.139454 20.758347 31.518898 29.058952 26.614049 24.188752 21.789609 19.426311 17.113717 34.152311 31.896114 29.685805 27.532438 25.450471 23.458921 21.582834 
135.348561 80.222680 129.706924 70.287493 12.700000 10.160000 7.620000 5.080000 2.540000 0.000000 2.540000 14.810618 12.700000 10.776307 9.158100 8.032185 7.620000 8.032185 17.067053 19.559159 22.062191 24.572811 27.088910 29.609090 32.132391 17.191161 19.667547 22.158339 24.659172 27.167273 29.680800 32.198483 53.649641 52.423058 51.198592 49.976399 52.577659 51.325464 50.074166 48.823833 38.059429 36.219531 34.468711 32.821224 31.293397 29.903576 28.671837 33.415585 31.303924 29.260438 27.300439 25.443230 23.712973 22.139454 33.990623 31.518898 29.058952 26.614049 24.188752 21.789609 19.426311 36.445876 34.152311 31.896114 29.685805 27.532438 25.450471 23.458921 
136.778706 82.612710 128.459595 67.958172 15.240000 12.700000 10.160000 7.620000 5.080000 2.540000 0.000000 17.038838 14.810618 12.700000 10.776307 9.158100 8.032185 7.620000 14.591474 17.067053 19.559159 22.062191 24.572811 27.088910 29.609090 14.736446 17.191161 19.667547 22.158339 24.659172 27.167273 29.680800 56.108603 54.878199 53.649641 52.423058 55.084495 53.830689 52.577659 51.325464 39.976105 38.059429 36.219531 34.468711 32.821224 31.293397 29.903576 35.583285 33.415585 31.303924 29.260438 27.300439 25.443230 23.712973 36.471730 33.990623 31.518898 29.058952 26.614049 24.188752 21.789609 38.770176 36.445876 34.152311 31.896114 29.685805 27.532438 25.450471 
135.419876 65.737268 142.825755 79.887681 7.620000 8.032185 9.158100 10.776307 12.700000 14.810618 17.038838 0.000000 2.540000 5.080000 7.620000 10.160000 12.700000 15.240000 31.441617 33.828504 36.236215 38.660859 41.099440 43.549618 46.009538 29.609090 32.132391 34.658133 37.185816 39.715072 42.245616 44.777232 44.608965 43.498399 42.396787 41.304844 42.410692 41.240972 40.077358 38.920396 36.637023 35.638768 34.797634 34.125242 33.631712 33.324994 33.210263 29.903576 28.671837 27.619337 26.767229 26.135120 25.739224 25.590506 20.444472 17.904495 15.364526 12.824570 10.284635 7.744743 5.204956 21.789609 19.426311 17.113717 14.875491 12.750857 10.807019 9.159814 
136.613354 68.161967 141.466115 77.430660 8.032185 7.620000 8.032185 9.158100 10.776307 12.700000 14.810618 2.540000 0.000000 2.540000 5.080000 7.620000 10.160000 12.700000 29.080683 31.441617 33.828504 36.236215 38.660859 41.099440 43.549618 27.088910 29.609090 32.132391 34.658133 37.185816 39.715072 42.245616 46.854403 45.727831 44.608965 43.498399 44.766529 43.586025 42.410692 41.240972 37.779946 36.637023 35.638768 34.797634 34.125242 33.631712 33.324994 31.293397 29.903576 28.671837 27.619337 26.767229 26.135120 25.739224 22.984453 20.444472 17.904495 15.364526 12.824570 10.284635 7.744743 24.188752 21.789609 19.426311 17.113717 14.875491 12.750857 10.807019 
137.843306 70.594777 140.139325 74.979169 9.158100 8.032185 7.620000 8.032185 9.158100 10.776307 12.700000 5.080000 2.540000 0.000000 2.540000 5.080000 7.620000 10.160000 26.752572 29.080683 31.441617 33.828504 36.236215 38.660859 41.099440 24.572811 27.088910 29.609090 32.132391 34.658133 37.185816 39.715072 49.128542 47.988139 46.854403 45.727831 47.141497 45.951807 44.766529 43.586025 39.054838 37.779946 36.637023 35.638768 34.797634 34.125242 33.631712 32.821224 31.293397 29.903576 28.671837 27.619337 26.767229 26.135120 25.524439 22.984453 20.444472 17.904495 15.364526 12.824570 10.284635 26.614049 24.188752 21.789609 19.426311 17.113717 14.875491 12.750857 
139.108766 73.034884 138.846326 72.533769 10.776307 9.158100 8.032185 7.620000 8.032185 9.158100 10.776307 7.620000 5.080000 2.540000 0.000000 2.540000 5.080000 7.620000 24.466658 26.752572 29.080683 31.441617 33.828504 36.236215 38.660859 22.062191 24.572811 27.088910 29.609090 32.132391 34.658133 37.185816 51.427575 50.275159 49.128542 47.988139 49.532843 48.335274 47.141497 45.951807 40.449222 39.054838 37.779946 36.637023 35.638768 34.797634 34.125242 34.468711 32.821224 31.293397 29.903576 28.671837 27.619337 26.767229 28.064427 25.524439 22.984453 20.444472 17.904495 15.364526 12.824570 29.058952 26.614049 24.188752 21.789609 19.426311 17.113717 14.875491 
140.408774 75.481583 137.588071 70.095097 12.700000 10.776307 9.158100 8.032185 7.620000 8.032185 9.158100 10.160000 7.620000 5.080000 2.540000 0.000000 2.540000 5.080000 22.235957 24.466658 26.752572 29.080683 31.441617 33.828504 36.236215 19.559159 22.062191 24.572811 27.088910 29.609090 32.132391 34.658133 53.748306 52.585407 51.427575 50.275159 51.938304 50.733934 49.532843 48.335274 41.951186 40.449222 39.054838 37.779946 36.637023 35.638768 34.797634 36.219531 34.468711 32.821224 31.293397 29.903576 28.671837 27.619337 30.604417 28.064427 25.524439 22.984453 20.444472 17.904495 15.364526 31.518898 29.058952 26.614049 24.188752 21.789609 19.426311 17.113717 
141.742380 77.934252 136.365522 67.663882 14.810618 12.700000 10.776307 9.158100 8.032185 7.620000 8.032185 12.700000 10.160000 7.620000 5.080000 2.540000 0.000000 2.540000 20.078879 22.235957 24.466658 26.752572 29.080683 31.441617 33.828504 17.067053 19.559159 22.062191 24.572811 27.088910 29.609090 32.132391 56.088043 54.915950 53.748306 52.585407 54.356008 53.145730 51.938304 50.733934 43.549600 41.951186 40.449222 39.054838 37.779946 36.637023 35.638768 38.059429 36.219531 34.468711 32.821224 31.293397 29.903576 28.671837 33.144408 30.604417 28.064427 25.524439 22.984453 20.444472 17.904495 33.990623 31.518898 29.058952 26.614049 24.188752 21.789609 19.426311 
143.108643 80.392345 135.179647 65.240956 17.038838 14.810618 12.700000 10.776307 9.158100 8.032185 7.620000 15.240000 12.700000 10.160000 7.620000 5.080000 2.540000 0.000000 18.021882 20.078879 22.235957 24.466658 26.752572 29.080683 31.441617 14.591474 17.067053 19.559159 22.062191 24.572811 27.088910 29.609090 58.444503 57.264311 56.088043 54.915950 56.784391 55.568952 54.356008 53.145730 45.234241 43.549600 41.951186 40.449222 39.054838 37.779946 36.637023 39.976105 38.059429 36.219531 34.468711 32.821224 31.293397 29.903576 35.684401 33.144408 30.604417 28.064427 25.524439 22.984453 20.444472 36.471730 33.990623 31.518898 29.058952 26.614049 24.188752 21.789609 
142.592054 97.147434 119.003217 57.156765 29.609090 27.088910 24.572811 22.062191 19.559159 17.067053 14.591474 31.441617 29.080683 26.752572 24.466658 22.235957 20.078879 18.021882 0.000000 2.540000 5.080000 7.620000 10.160000 12.700000 15.240000 7.620000 8.032185 9.158100 10.776307 12.700000 14.810618 17.038838 69.313164 68.057294 66.801959 65.547189 68.748208 67.481825 66.215581 64.949483 49.999342 47.733047 45.495676 43.291714 41.126532 39.006590 36.939675 47.136271 44.725134 42.329073 39.950800 37.593690 35.261990 32.961091 51.056359 48.579889 46.110330 43.648857 41.196918 38.756323 36.329359 53.230667 50.860178 48.506852 46.173313 43.862719 41.578897 39.326511 
144.244585 99.557171 118.002424 55.042729 32.132391 29.609090 27.088910 24.572811 22.062191 19.559159 17.067053 33.828504 31.441617 29.080683 26.752572 24.466658 22.235957 20.078879 2.540000 0.000000 2.540000 5.080000 7.620000 10.160000 12.700000 8.032185 7.620000 8.032185 9.158100 10.776307 12.700000 14.810618 71.826394 70.569539 69.313164 68.057294 71.281360 70.014722 68.748208 67.481825 52.290800 49.999342 47.733047 45.495676 43.291714 41.126532 39.006590 49.560283 47.136271 44.725134 42.329073 39.950800 37.593690 35.261990 53.538783 51.056359 48.579889 46.110330 43.648857 41.196918 38.756323 55.616125 53.230667 50.860178 48.506852 46.173313 43.862719 41.578897 
145.922615 101.973230 117.048201 52.966135 34.658133 32.132391 29.609090 27.088910 24.572811 22.062191 19.559159 36.236215 33.828504 31.441617 29.080683 26.752572 24.466658 22.235957 5.080000 2.540000 0.000000 2.540000 5.080000 7.620000 10.160000 9.158100 8.032185 7.620000 8.032185 9.158100 10.776307 12.700000 74.341443 73.083703 71.826394 70.569539 73.814982 72.548115 71.281360 70.014722 54.604255 52.290800 49.999342 47.733047 45.495676 43.291714 41.126532 51.995370 49.560283 47.136271 44.725134 42.329073 39.950800 37.593690 56.026368 53.538783 51.056359 48.579889 46.110330 43.648857 41.196918 58.014706 55.616125 53.230667 50.860178 48.506852 46.173313 43.862719 
147.625277 104.395174 116.141698 50.931563 37.185816 34.658133 32.132391 29.609090 27.088910 24.572811 22.062191 38.660859 36.236215 33.828504 31.441617 29.080683 26.752572 24.466658 7.620000 5.080000 2.540000 0.000000 2.540000 5.080000 7.620000 10.776307 9.158100 8.032185 7.620000 8.032185 9.158100 10.776307 76.858134 75.599594 74.341443 73.083703 76.349028 75.081955 73.814982 72.548115 56.937024 54.604255 52.290800 49.999342 47.733047 45.495676 43.291714 54.440045 51.995370 49.560283 47.136271 44.725134 42.329073 39.950800 58.518457 56.026368 53.538783 51.056359 48.579889 46.110330 43.648857 60.424845 58.014706 55.616125 53.230667 50.860178 48.506852 46.173313 
149.351726 106.822601 115.284040 48.944253 39.715072 37.185816 34.658133 32.132391 29.609090 27.088910 24.572811 41.099440 38.660859 36.236215 33.828504 31.441617 29.080683 26.752572 10.160000 7.620000 5.080000 2.540000 0.000000 2.540000 5.080000 12.700000 10.776307 9.158100 8.032185 7.620000 8.032185 9.158100 79.376309 78.117045 76.858134 75.599594 78.883458 77.616197 76.349028 75.081955 59.286827 56.937024 54.604255 52.290800 49.999342 47.733047 45.495676 56.893073 54.440045 51.995370 49.560283 47.136271 44.725134 42.329073 61.014497 58.518457 56.026368 53.538783 51.056359 48.579889 46.110330 62.845214 60.424845 58.014706 55.616125 53.230667 50.860178 48.506852 
151.101149 109.255147 114.476325 47.010201 42.245616 39.715072 37.185816 34.658133 32.132391 29.609090 27.088910 43.549618 41.099440 38.660859 36.236215 33.828504 31.441617 29.080683 12.700000 10.160000 7.620000 5.080000 2.540000 0.000000 2.540000 14.810618 12.700000 10.776307 9.158100 8.032185 7.620000 8.032185 81.895833 80.635910 79.376309 78.117045 81.418234 80.150804 78.883458 77.616197 61.651718 59.286827 56.937024 54.604255 52.290800 49.999342 47.733047 59.353418 56.893073 54.440045 51.995370 49.560283 47.136271 44.725134 63.514023 61.014497 58.518457 56.026368 53.538783 51.056359 48.579889 65.274675 62.845214 60.424845 58.014706 55.616125 53.230667 50.860178 
152.872756 111.692477 113.719616 45.136252 44.777232 42.245616 39.715072 37.185816 34.658133 32.132391 29.609090 46.009538 43.549618 41.099440 38.660859 36.236215 33.828504 31.441617 15.240000 12.700000 10.160000 7.620000 5.080000 2.540000 0.000000 17.038838 14.810618 12.700000 10.776307 9.158100 8.032185 7.620000 84.416584 83.156062 81.895833 80.635910 83.953326 82.685742 81.418234 80.150804 64.030024 61.651718 59.286827 56.937024 54.604255 52.290800 49.999342 61.820206 59.353418 56.893073 54.440045 51.995370 49.560283 47.136271 66.016639 63.514023 61.014497 58.518457 56.026368 53.538783 51.056359 67.712249 65.274675 62.845214 60.424845 58.014706 55.616125 53.230667 
148.493605 94.983581 126.014374 53.396183 29.680800 27.167273 24.659172 22.158339 19.667547 17.191161 14.736446 29.609090 27.088910 24.572811 22.062191 19.559159 17.067053 14.591474 7.620000 8.032185 9.158100 10.776307 12.700000 14.810618 17.038838 0.000000 2.540000 5.080000 7.620000 10.160000 12.700000 15.240000 70.838454 69.610109 68.383285 67.158066 69.732839 68.484666 67.237310 65.990818 53.797482 51.697956 49.639615 47.627800 45.668661 43.769269 41.937746 49.999342 47.733047 45.495676 43.291714 41.126532 39.006590 36.939675 49.961270 47.427653 44.894757 42.362712 39.831680 37.301867 34.773539 51.056359 48.579889 46.110330 43.648857 41.196918 38.756323 36.329359 
150.081167 97.446841 125.069695 51.126888 32.198483 29.680800 27.167273 24.659172 22.158339 19.667547 17.191161 32.132391 29.609090 27.088910 24.572811 22.062191 19.559159 17.067053 8.032185 7.620000 8.032185 9.158100 10.776307 12.700000 14.810618 2.540000 0.000000 2.540000 5.080000 7.620000 10.160000 12.700000 73.299405 72.068244 70.838454 69.610109 72.231468 70.981786 69.732839 68.484666 55.933556 53.797482 51.697956 49.639615 47.627800 45.668661 43.769269 52.290800 49.999342 47.733047 45.495676 43.291714 41.126532 39.006590 52.495504 49.961270 47.427653 44.894757 42.362712 39.831680 37.301867 53.538783 51.056359 48.579889 46.110330 43.648857 41.196918 38.756323 
151.694648 99.913945 124.169795 48.884231 34.719416 32.198483 29.680800 27.167273 24.659172 22.158339 19.667547 34.658133 32.132391 29.609090 27.088910 24.572811 22.062191 19.559159 9.158100 8.032185 7.620000 8.032185 9.158100 10.776307 12.700000 5.080000 2.540000 0.000000 2.540000 5.080000 7.620000 10.160000 75.765573 74.531869 73.299405 72.068244 74.732886 73.481846 72.231468 70.981786 58.102147 55.933556 53.797482 51.697956 49.639615 47.627800 45.668661 54.604255 52.290800 49.999342 47.733047 45.495676 43.291714 41.126532 55.030270 52.495504 49.961270 47.427653 44.894757 42.362712 39.831680 56.026368 53.538783 51.056359 48.579889 46.110330 43.648857 41.196918 
153.333228 102.384613 123.315655 46.672055 37.242941 34.719416 32.198483 29.680800 27.167273 24.659172 22.158339 37.185816 34.658133 32.132391 29.609090 27.088910 24.572811 22.062191 10.776307 9.158100 8.032185 7.620000 8.032185 9.158100 10.776307 7.620000 5.080000 2.540000 0.000000 2.540000 5.080000 7.620000 78.236466 77.000458 75.765573 74.531869 77.236823 75.984555 74.732886 73.481846 60.299747 58.102147 55.933556 53.797482 51.697956 49.639615 47.627800 56.937024 54.604255 52.290800 49.999342 47.733047 45.495676 43.291714 57.565497 55.030270 52.495504 49.961270 47.427653 44.894757 42.362712 58.518457 56.026368 53.538783 51.056359 48.579889 46.110330 43.648857 
154.996112 104.858594 122.508230 44.494905 39.768563 37.242941 34.719416 32.198483 29.680800 27.167273 24.659172 39.715072 37.185816 34.658133 32.132391 29.609090 27.088910 24.572811 12.700000 10.776307 9.158100 8.032185 7.620000 8.032185 9.158100 10.160000 7.620000 5.080000 2.540000 0.000000 2.540000 5.080000 80.711650 79.473547 78.236466 77.000458 79.743041 78.489661 77.236823 75.984555 62.523298 60.299747 58.102147 55.933556 53.797482 51.697956 49.639615 59.286827 56.937024 54.604255 52.290800 49.999342 47.733047 45.495676 60.101128 57.565497 55.030270 52.495504 49.961270 47.427653 44.894757 61.014497 58.518457 56.026368 53.538783 51.056359 48.579889 46.110330 
156.682525 107.335660 121.748452 42.358182 42.295908 39.768563 37.242941 34.719416 32.198483 29.680800 27.167273 42.245616 39.715072 37.185816 34.658133 32.132391 29.609090 27.088910 14.810618 12.700000 10.776307 9.158100 8.032185 7.620000 8.032185 12.700000 10.160000 7.620000 5.080000 2.540000 0.000000 2.540000 83.190741 81.950729 80.711650 79.473547 82.251332 80.996939 79.743041 78.489661 64.770126 62.523298 60.299747 58.102147 55.933556 53.797482 51.697956 61.651718 59.286827 56.937024 54.604255 52.290800 49.999342 47.733047 62.637112 60.101128 57.565497 55.030270 52.495504 49.961270 47.427653 63.514023 61.014497 58.518457 56.026368 53.538783 51.056359 48.579889 
158.391717 109.815600 121.037217 40.268323 44.824683 42.295908 39.768563 37.242941 34.719416 32.198483 29.680800 44.777232 42.245616 39.715072 37.185816 34.658133 32.132391 29.609090 17.038838 14.810618 12.700000 10.776307 9.158100 8.032185 7.620000 15.240000 12.700000 10.160000 7.620000 5.080000 2.540000 0.000000 85.673400 84.431644 83.190741 81.950729 84.761511 83.506196 82.251332 80.996939 67.037891 64.770126 62.523298 60.299747 58.102147 55.933556 53.797482 64.030024 61.651718 59.286827 56.937024 54.604255 52.290800 49.999342 65.173409 62.637112 60.101128 57.565497 55.030270 52.495504 49.961270 66.016639 63.514023 61.014497 58.518457 56.026368 53.538783 51.056359 
101.448364 47.514928 152.698154 123.622911 41.501507 43.906156 46.325253 48.756649 51.198592 53.649641 56.108603 44.608965 46.854403 49.128542 51.427575 53.748306 56.088043 58.444503 69.313164 71.826394 74.341443 76.858134 79.376309 81.895833 84.416584 70.838454 73.299405 75.765573 78.236466 80.711650 83.190741 85.673400 0.000000 1.270000 2.540000 3.810000 5.080000 5.236344 5.679613 6.350000 26.480624 28.774947 31.107473 33.470217 35.857205 38.263900 40.686806 24.058779 26.563113 29.073636 31.588872 34.107779 36.629598 39.153769 28.342458 30.080113 31.925455 33.860883 35.871818 37.946257 40.074340 34.434787 35.878585 37.439208 39.102673 40.856418 42.689320 44.591617 
101.749833 48.155232 151.731289 122.426639 40.305411 42.701872 45.114043 47.539531 49.976399 52.423058 54.878199 43.498399 45.727831 47.988139 50.275159 52.585407 54.915950 57.264311 68.057294 70.569539 73.083703 75.599594 78.117045 80.635910 83.156062 69.610109 72.068244 74.531869 77.000458 79.473547 81.950729 84.431644 1.270000 0.000000 1.270000 2.540000 5.236344 5.080000 5.236344 5.679613 25.351037 27.622411 29.936989 32.285481 34.660992 37.058328 39.473513 22.809570 25.310058 27.817706 30.330738 32.847919 35.368363 37.891419 27.520437 29.196595 30.990500 32.882885 34.857717 36.901761 39.004136 33.761429 35.141155 36.645200 38.258905 39.968989 41.763615 43.632353 
102.066215 48.820181 150.768922 121.231867 39.113974 41.501507 43.906156 46.325253 48.756649 51.198592 53.649641 42.396787 44.608965 46.854403 49.128542 51.427575 53.748306 56.088043 66.801959 69.313164 71.826394 74.341443 76.858134 79.376309 81.895833 68.383285 70.838454 73.299405 75.765573 78.236466 80.711650 83.190741 2.540000 1.270000 0.000000 1.270000 5.679613 5.236344 5.080000 5.236344 24.235357 26.480624 28.774947 31.107473 33.470217 35.857205 38.263900 21.562791 24.058779 26.563113 29.073636 31.588872 34.107779 36.629598 26.733496 28.342458 30.080113 31.925455 33.860883 35.871818 37.946257 33.123095 34.434787 35.878585 37.439208 39.102673 40.856418 42.689320 
102.397372 49.508783 149.811139 120.038641 37.927636 40.305411 42.701872 45.114043 47.539531 49.976399 52.423058 41.304844 43.498399 45.727831 47.988139 50.275159 52.585407 54.915950 65.547189 68.057294 70.569539 73.083703 75.599594 78.117045 80.635910 67.158066 69.610109 72.068244 74.531869 77.000458 79.473547 81.950729 3.810000 2.540000 1.270000 0.000000 6.350000 5.679613 5.236344 5.080000 23.135595 25.351037 27.622411 29.936989 32.285481 34.660992 37.058328 20.318887 22.809570 25.310058 27.817706 30.330738 32.847919 35.368363 25.984822 27.520437 29.196595 30.990500 32.882885 34.857717 36.901761 32.521848 33.761429 35.141155 36.645200 38.258905 39.968989 41.763615 
106.396899 43.171726 156.029663 122.019480 40.106127 42.589632 45.079434 47.574543 50.074166 52.577659 55.084495 42.410692 44.766529 47.141497 49.532843 51.938304 54.356008 56.784391 68.748208 71.281360 73.814982 76.349028 78.883458 81.418234 83.953326 69.732839 72.231468 74.732886 77.236823 79.743041 82.251332 84.761511 5.080000 5.236344 5.679613 6.350000 0.000000 1.270000 2.540000 3.810000 29.109080 31.210778 33.373492 35.586100 37.839849 40.127810 42.444449 25.446428 27.826154 30.231973 32.658118 35.100376 37.555603 40.021413 24.755562 26.727442 28.788498 30.920904 33.110878 35.347720 37.623073 30.296506 31.927990 33.672215 35.512572 37.434885 39.427170 41.479345 
106.684385 43.875459 155.083570 120.807332 38.867112 41.347021 43.833813 46.326378 48.823833 51.325464 53.830689 41.240972 43.586025 45.951807 48.335274 50.733934 53.145730 55.568952 67.481825 70.014722 72.548115 75.081955 77.616197 80.150804 82.685742 68.484666 70.981786 73.481846 75.984555 78.489661 80.996939 83.506196 5.236344 5.080000 5.236344 5.679613 1.270000 0.000000 1.270000 2.540000 28.085408 30.151495 32.285266 34.474154 36.708302 38.979928 41.282845 24.268753 26.632591 29.026206 31.442798 33.877451 36.326533 38.787311 23.810027 25.729051 27.748045 29.846726 32.009426 34.224010 36.481030 29.528932 31.097018 32.787107 34.581317 36.464281 38.422953 40.446335 
106.986175 44.604256 154.142134 119.596385 37.630164 40.106127 42.589632 45.079434 47.574543 50.074166 52.577659 40.077358 42.410692 44.766529 47.141497 49.532843 51.938304 54.356008 66.215581 68.748208 71.281360 73.814982 76.349028 78.883458 81.418234 67.237310 69.732839 72.231468 74.732886 77.236823 79.743041 82.251332 5.679613 5.236344 5.080000 5.236344 2.540000 1.270000 0.000000 1.270000 27.082607 29.109080 31.210778 33.373492 35.586100 37.839849 40.127810 23.100861 25.446428 27.826154 30.231973 32.658118 35.100376 37.555603 22.895911 24.755562 26.727442 28.788498 30.920904 33.110878 35.347720 28.796930 30.296506 31.927990 33.672215 35.512572 37.434885 39.427170 
107.302150 45.356909 153.205440 118.386675 36.395492 38.867112 41.347021 43.833813 46.326378 48.823833 51.325464 38.920396 41.240972 43.586025 45.951807 48.335274 50.733934 53.145730 64.949483 67.481825 70.014722 72.548115 75.081955 77.616197 80.150804 65.990818 68.484666 70.981786 73.481846 75.984555 78.489661 80.996939 6.350000 5.679613 5.236344 5.080000 3.810000 2.540000 1.270000 0.000000 26.103081 28.085408 30.151495 32.285266 34.474154 36.708302 38.979928 21.944317 24.268753 26.632591 29.026206 31.442798 33.877451 36.326533 22.017127 23.810027 25.729051 27.748045 29.846726 32.009426 34.224010 28.103279 29.528932 31.097018 32.787107 34.581317 36.464281 38.422953 
98.833412 71.060074 127.126114 106.969807 29.903576 31.293397 32.821224 34.468711 36.219531 38.059429 39.976105 36.637023 37.779946 39.054838 40.449222 41.951186 43.549600 45.234241 49.999342 52.290800 54.604255 56.937024 59.286827 61.651718 64.030024 53.797482 55.933556 58.102147 60.299747 62.523298 64.770126 67.037891 26.480624 25.351037 24.235357 23.135595 29.109080 28.085408 27.082607 26.103081 0.000000 2.540000 5.080000 7.620000 10.160000 12.700000 15.240000 7.620000 8.032185 9.158100 10.776307 12.700000 14.810618 17.038838 33.498164 33.216303 33.127356 33.232874 33.531020 34.016729 34.682123 41.049356 40.819669 40.747323 40.833155 41.076172 41.473612 42.021093 
100.070512 72.770862 125.283331 104.773106 28.671837 29.903576 31.293397 32.821224 34.468711 36.219531 38.059429 35.638768 36.637023 37.779946 39.054838 40.449222 41.951186 43.549600 47.733047 49.999342 52.290800 54.604255 56.937024 59.286827 61.651718 51.697956 53.797482 55.933556 58.102147 60.299747 62.523298 64.770126 28.774947 27.622411 26.480624 25.351037 31.210778 30.151495 29.109080 28.085408 2.540000 0.000000 2.540000 5.080000 7.620000 10.160000 12.700000 8.032185 7.620000 8.032185 9.158100 10.776307 12.700000 14.810618 33.968138 33.498164 33.216303 33.127356 33.232874 33.531020 34.016729 41.433767 41.049356 40.819669 40.747323 40.833155 41.076172 41.473612 
101.356178 74.528959 123.465300 102.592257 27.619337 28.671837 29.903576 31.293397 32.821224 34.468711 36.219531 34.797634 35.638768 36.637023 37.779946 39.054838 40.449222 41.951186 45.495676 47.733047 49.999342 52.290800 54.604255 56.937024 59.286827 49.639615 51.697956 53.797482 55.933556 58.102147 60.299747 62.523298 31.107473 29.936989 28.774947 27.622411 33.373492 32.285266 31.210778 30.151495 5.080000 2.540000 0.000000 2.540000 5.080000 7.620000 10.160000 9.158100 8.032185 7.620000 8.032185 9.158100 10.776307 12.700000 34.618565 33.968138 33.498164 33.216303 33.127356 33.232874 33.531020 41.968651 41.433767 41.049356 40.819669 40.747323 40.833155 41.076172 
102.688585 76.331097 121.673132 100.428292 26.767229 27.619337 28.671837 29.903576 31.293397 32.821224 34.468711 34.125242 34.797634 35.638768 36.637023 37.779946 39.054838 40.449222 43.291714 45.495676 47.733047 49.999342 52.290800 54.604255 56.937024 47.627800 49.639615 51.697956 53.797482 55.933556 58.102147 60.299747 33.470217 32.285481 31.107473 29.936989 35.586100 34.474154 33.373492 32.285266 7.620000 5.080000 2.540000 0.000000 2.540000 5.080000 7.620000 10.776307 9.158100 8.032185 7.620000 8.032185 9.158100 10.776307 35.439510 34.618565 33.968138 33.498164 33.216303 33.127356 33.232874 42.648347 41.968651 41.433767 41.049356 40.819669 40.747323 40.833155 
104.065937 78.174229 119.907985 98.282326 26.135120 26.767229 27.619337 28.671837 29.903576 31.293397 32.821224 33.631712 34.125242 34.797634 35.638768 36.637023 37.779946 39.054838 41.126532 43.291714 45.495676 47.733047 49.999342 52.290800 54.604255 45.668661 47.627800 49.639615 51.697956 53.797482 55.933556 58.102147 35.857205 34.660992 33.470217 32.285481 37.839849 36.708302 35.586100 34.474154 10.160000 7.620000 5.080000 2.540000 0.000000 2.540000 5.080000 12.700000 10.776307 9.158100 8.032185 7.620000 8.032185 9.158100 36.419444 35.439510 34.618565 33.968138 33.498164 33.216303 33.127356 43.466062 42.648347 41.968651 41.433767 41.049356 40.819669 40.747323 
105.486475 80.055526 118.171070 96.155565 25.739224 26.135120 26.767229 27.619337 28.671837 29.903576 31.293397 33.324994 33.631712 34.125242 34.797634 35.638768 36.637023 37.779946 39.006590 41.126532 43.291714 45.495676 47.733047 49.999342 52.290800 43.769269 45.668661 47.627800 49.639615 51.697956 53.797482 55.933556 38.263900 37.058328 35.857205 34.660992 40.127810 38.979928 37.839849 36.708302 12.700000 10.160000 7.620000 5.080000 2.540000 0.000000 2.540000 14.810618 12.700000 10.776307 9.158100 8.032185 7.620000 8.032185 37.545920 36.419444 35.439510 34.618565 33.968138 33.498164 33.216303 44.414173 43.466062 42.648347 41.968651 41.433767 41.049356 40.819669 
106.948476 81.972357 116.463651 94.049311 25.590506 25.739224 26.135120 26.767229 27.619337 28.671837 29.903576 33.210263 33.324994 33.631712 34.125242 34.797634 35.638768 36.637023 36.939675 39.006590 41.126532 43.291714 45.495676 47.733047 49.999342 41.937746 43.769269 45.668661 47.627800 49.639615 51.697956 53.797482 40.686806 39.473513 38.263900 37.058328 42.444449 41.282845 40.127810 38.979928 15.240000 12.700000 10.160000 7.620000 5.080000 2.540000 0.000000 17.038838 14.810618 12.700000 10.776307 9.158100 8.032185 7.620000 38.806179 37.545920 36.419444 35.439510 34.618565 33.968138 33.498164 45.484527 44.414173 43.466062 42.648347 41.968651 41.433767 41.049356 
105.592279 65.556237 132.448990 103.395482 23.712973 25.443230 27.300439 29.260438 31.303924 33.415585 35.583285 29.903576 31.293397 32.821224 34.468711 36.219531 38.059429 39.976105 47.136271 49.560283 51.995370 54.440045 56.893073 59.353418 61.820206 49.999342 52.290800 54.604255 56.937024 59.286827 61.651718 64.030024 24.058779 22.809570 21.562791 20.318887 25.446428 24.268753 23.100861 21.944317 7.620000 8.032185 9.158100 10.776307 12.700000 14.810618 17.038838 0.000000 2.540000 5.080000 7.620000 10.160000 12.700000 15.240000 25.987174 25.622821 25.507409 25.644300 26.029512 26.652280 27.496469 33.498164 33.216303 33.127356 33.232874 33.531020 34.016729 34.682123 
106.751082 67.406857 130.681288 101.121165 22.139454 23.712973 25.443230 27.300439 29.260438 31.303924 33.415585 28.671837 29.903576 31.293397 32.821224 34.468711 36.219531 38.059429 44.725134 47.136271 49.560283 51.995370 54.440045 56.893073 59.353418 47.733047 49.999342 52.290800 54.604255 56.937024 59.286827 61.651718 26.563113 25.310058 24.058779 22.809570 27.826154 26.632591 25.446428 24.268753 8.032185 7.620000 8.032185 9.158100 10.776307 12.700000 14.810618 2.540000 0.000000 2.540000 5.080000 7.620000 10.160000 12.700000 26.590235 25.987174 25.622821 25.507409 25.644300 26.029512 26.652280 33.968138 33.498164 33.216303 33.127356 33.232874 33.531020 34.016729 
107.957218 69.301168 128.939391 98.859786 20.758347 22.139454 23.712973 25.443230 27.300439 29.260438 31.303924 27.619337 28.671837 29.903576 31.293397 32.821224 34.468711 36.219531 42.329073 44.725134 47.136271 49.560283 51.995370 54.440045 56.893073 45.495676 47.733047 49.999342 52.290800 54.604255 56.937024 59.286827 29.073636 27.817706 26.563113 25.310058 30.231973 29.026206 27.826154 26.632591 9.158100 8.032185 7.620000 8.032185 9.158100 10.776307 12.700000 5.080000 2.540000 0.000000 2.540000 5.080000 7.620000 10.160000 27.416259 26.590235 25.987174 25.622821 25.507409 25.644300 26.029512 34.618565 33.968138 33.498164 33.216303 33.127356 33.232874 33.531020 
109.209119 71.235682 127.224357 96.612256 19.610348 20.758347 22.139454 23.712973 25.443230 27.300439 29.260438 26.767229 27.619337 28.671837 29.903576 31.293397 32.821224 34.468711 39.950800 42.329073 44.725134 47.136271 49.560283 51.995370 54.440045 43.291714 45.495676 47.733047 49.999342 52.290800 54.604255 56.937024 31.588872 30.330738 29.073636 27.817706 32.658118 31.442798 30.231973 29.026206 10.776307 9.158100 8.032185 7.620000 8.032185 9.158100 10.776307 7.620000 5.080000 2.540000 0.000000 2.540000 5.080000 7.620000 28.445827 27.416259 26.590235 25.987174 25.622821 25.507409 25.644300 35.439510 34.618565 33.968138 33.498164 33.216303 33.127356 33.232874 
110.505228 73.207215 125.537289 94.379562 18.738348 19.610348 20.758347 22.139454 23.712973 25.443230 27.300439 26.135120 26.767229 27.619337 28.671837 29.903576 31.293397 32.821224 37.593690 39.950800 42.329073 44.725134 47.136271 49.560283 51.995370 41.126532 43.291714 45.495676 47.733047 49.999342 52.290800 54.604255 34.107779 32.847919 31.588872 30.330738 35.100376 33.877451 32.658118 31.442798 12.700000 10.776307 9.158100 8.032185 7.620000 8.032185 9.158100 10.160000 7.620000 5.080000 2.540000 0.000000 2.540000 5.080000 29.657749 28.445827 27.416259 26.590235 25.987174 25.622821 25.507409 36.419444 35.439510 34.618565 33.968138 33.498164 33.216303 33.127356 
111.844009 75.212853 123.879328 92.162784 18.182102 18.738348 19.610348 20.758347 22.139454 23.712973 25.443230 25.739224 26.135120 26.767229 27.619337 28.671837 29.903576 31.293397 35.261990 37.593690 39.950800 42.329073 44.725134 47.136271 49.560283 39.006590 41.126532 43.291714 45.495676 47.733047 49.999342 52.290800 36.629598 35.368363 34.107779 32.847919 37.555603 36.326533 35.100376 33.877451 14.810618 12.700000 10.776307 9.158100 8.032185 7.620000 8.032185 12.700000 10.160000 7.620000 5.080000 2.540000 0.000000 2.540000 31.030667 29.657749 28.445827 27.416259 26.590235 25.987174 25.622821 37.545920 36.419444 35.439510 34.618565 33.968138 33.498164 33.216303 
113.223949 77.249942 122.251659 89.963098 17.970954 18.182102 18.738348 19.610348 20.758347 22.139454 23.712973 25.590506 25.739224 26.135120 26.767229 27.619337 28.671837 29.903576 32.961091 35.261990 37.593690 39.950800 42.329073 44.725134 47.136271 36.939675 39.006590 41.126532 43.291714 45.495676 47.733047 49.999342 39.153769 37.891419 36.629598 35.368363 40.021413 38.787311 37.555603 36.326533 17.038838 14.810618 12.700000 10.776307 9.158100 8.032185 7.620000 15.240000 12.700000 10.160000 7.620000 5.080000 2.540000 0.000000 32.544212 31.030667 29.657749 28.445827 27.416259 26.590235 25.987174 38.806179 37.545920 36.419444 35.439510 34.618565 33.968138 33.498164 
127.182863 46.705046 154.791924 99.831961 21.789609 24.188752 26.614049 29.058952 31.518898 33.990623 36.471730 20.444472 22.984453 25.524439 28.064427 30.604417 33.144408 35.684401 51.056359 53.538783 56.026368 58.518457 61.014497 63.514023 66.016639 49.961270 52.495504 55.030270 57.565497 60.101128 62.637112 65.173409 28.342458 27.520437 26.733496 25.984822 24.755562 23.810027 22.895911 22.017127 33.498164 33.968138 34.618565 35.439510 36.419444 37.545920 38.806179 25.987174 26.590235 27.416259 28.445827 29.657749 31.030667 32.544212 0.000000 2.540000 5.080000 7.620000 10.160000 12.700000 15.240000 7.620000 8.032185 9.158100 10.776307 12.700000 14.810618 17.038838 
128.047995 49.011935 153.199700 97.344896 19.426311 21.789609 24.188752 26.614049 29.058952 31.518898 33.990623 17.904495 20.444472 22.984453 25.524439 28.064427 30.604417 33.144408 48.579889 51.056359 53.538783 56.026368 58.518457 61.014497 63.514023 47.427653 49.961270 52.495504 55.030270 57.565497 60.101128 62.637112 30.080113 29.196595 28.342458 27.520437 26.727442 25.729051 24.755562 23.810027 33.216303 33.498164 33.968138 34.618565 35.439510 36.419444 37.545920 25.622821 25.987174 26.590235 27.416259 28.445827 29.657749 31.030667 2.540000 0.000000 2.540000 5.080000 7.620000 10.160000 12.700000 8.032185 7.620000 8.032185 9.158100 10.776307 12.700000 14.810618 
128.957360 51.340835 151.633306 94.860636 17.113717 19.426311 21.789609 24.188752 26.614049 29.058952 31.518898 15.364526 17.904495 20.444472 22.984453 25.524439 28.064427 30.604417 46.110330 48.579889 51.056359 53.538783 56.026368 58.518457 61.014497 44.894757 47.427653 49.961270 52.495504 55.030270 57.565497 60.101128 31.925455 30.990500 30.080113 29.196595 28.788498 27.748045 26.727442 25.729051 33.127356 33.216303 33.498164 33.968138 34.618565 35.439510 36.419444 25.507409 25.622821 25.987174 26.590235 27.416259 28.445827 29.657749 5.080000 2.540000 0.000000 2.540000 5.080000 7.620000 10.160000 9.158100 8.032185 7.620000 8.032185 9.158100 10.776307 12.700000 
129.910028 53.688882 150.093552 92.379408 14.875491 17.113717 19.426311 21.789609 24.188752 26.614049 29.058952 12.824570 15.364526 17.904495 20.444472 22.984453 25.524439 28.064427 43.648857 46.110330 48.579889 51.056359 53.538783 56.026368 58.518457 42.362712 44.894757 47.427653 49.961270 52.495504 55.030270 57.565497 33.860883 32.882885 31.925455 30.990500 30.920904 29.846726 28.788498 27.748045 33.232874 33.127356 33.216303 33.498164 33.968138 34.618565 35.439510 25.644300 25.507409 25.622821 25.987174 26.590235 27.416259 28.445827 7.620000 5.080000 2.540000 0.000000 2.540000 5.080000 7.620000 10.776307 9.158100 8.032185 7.620000 8.032185 9.158100 10.776307 
130.905055 56.053672 148.581265 89.901463 12.750857 14.875491 17.113717 19.426311 21.789609 24.188752 26.614049 10.284635 12.824570 15.364526 17.904495 20.444472 22.984453 25.524439 41.196918 43.648857 46.110330 48.579889 51.056359 53.538783 56.026368 39.831680 42.362712 44.894757 47.427653 49.961270 52.495504 55.030270 35.871818 34.857717 33.860883 32.882885 33.110878 32.009426 30.920904 29.846726 33.531020 33.232874 33.127356 33.216303 33.498164 33.968138 34.618565 26.029512 25.644300 25.507409 25.622821 25.987174 26.590235 27.416259 10.160000 7.620000 5.080000 2.540000 0.000000 2.540000 5.080000 12.700000 10.776307 9.158100 8.032185 7.620000 8.032185 9.158100 
131.941482 58.433169 147.097293 87.427080 10.807019 12.750857 14.875491 17.113717 19.426311 21.789609 24.188752 7.744743 10.284635 12.824570 15.364526 17.904495 20.444472 22.984453 38.756323 41.196918 43.648857 46.110330 48.579889 51.056359 53.538783 37.301867 39.831680 42.362712 44.894757 47.427653 49.961270 52.495504 37.946257 36.901761 35.871818 34.857717 35.347720 34.224010 33.110878 32.009426 34.016729 33.531020 33.232874 33.127356 33.216303 33.498164 33.968138 26.652280 26.029512 25.644300 25.507409 25.622821 25.987174 26.590235 12.700000 10.160000 7.620000 5.080000 2.540000 0.000000 2.540000 14.810618 12.700000 10.776307 9.158100 8.032185 7.620000 8.032185 
133.018341 60.825650 145.642501 84.956569 9.159814 10.807019 12.750857 14.875491 17.113717 19.426311 21.789609 5.204956 7.744743 10.284635 12.824570 15.364526 17.904495 20.444472 36.329359 38.756323 41.196918 43.648857 46.110330 48.579889 51.056359 34.773539 37.301867 39.831680 42.362712 44.894757 47.427653 49.961270 40.074340 39.004136 37.946257 36.901761 37.623073 36.481030 35.347720 34.224010 34.682123 34.016729 33.531020 33.232874 33.127356 33.216303 33.498164 27.496469 26.652280 26.029512 25.644300 25.507409 25.622821 25.987174 15.240000 12.700000 10.160000 7.620000 5.080000 2.540000 0.000000 17.038838 14.810618 12.700000 10.776307 9.158100 8.032185 7.620000 
134.395033 43.980742 160.770283 98.586838 25.450471 27.532438 29.685805 31.896114 34.152311 36.445876 38.770176 21.789609 24.188752 26.614049 29.058952 31.518898 33.990623 36.471730 53.230667 55.616125 58.014706 60.424845 62.845214 65.274675 67.712249 51.056359 53.538783 56.026368 58.518457 61.014497 63.514023 66.016639 34.434787 33.761429 33.123095 32.521848 30.296506 29.528932 28.796930 28.103279 41.049356 41.433767 41.968651 42.648347 43.466062 44.414173 45.484527 33.498164 33.968138 34.618565 35.439510 36.419444 37.545920 38.806179 7.620000 8.032185 9.158100 10.776307 12.700000 14.810618 17.038838 0.000000 2.540000 5.080000 7.620000 10.160000 12.700000 15.240000 
135.214028 46.423206 159.237848 96.067544 23.458921 25.450471 27.532438 29.685805 31.896114 34.152311 36.445876 19.426311 21.789609 24.188752 26.614049 29.058952 31.518898 33.990623 50.860178 53.230667 55.616125 58.014706 60.424845 62.845214 65.274675 48.579889 51.056359 53.538783 56.026368 58.518457 61.014497 63.514023 35.878585 35.141155 34.434787 33.761429 31.927990 31.097018 30.296506 29.528932 40.819669 41.049356 41.433767 41.968651 42.648347 43.466062 44.414173 33.216303 33.498164 33.968138 34.618565 35.439510 36.419444 37.545920 8.032185 7.620000 8.032185 9.158100 10.776307 12.700000 14.810618 2.540000 0.000000 2.540000 5.080000 7.620000 10.160000 12.700000 
136.075512 48.875614 157.731430 93.549370 21.582834 23.458921 25.450471 27.532438 29.685805 31.896114 34.152311 17.113717 19.426311 21.789609 24.188752 26.614049 29.058952 31.518898 48.506852 50.860178 53.230667 55.616125 58.014706 60.424845 62.845214 46.110330 48.579889 51.056359 53.538783 56.026368 58.518457 61.014497 37.439208 36.645200 35.878585 35.141155 33.672215 32.787107 31.927990 31.097018 40.747323 40.819669 41.049356 41.433767 41.968651 42.648347 43.466062 33.127356 33.216303 33.498164 33.968138 34.618565 35.439510 36.419444 9.158100 8.032185 7.620000 8.032185 9.158100 10.776307 12.700000 5.080000 2.540000 0.000000 2.540000 5.080000 7.620000 10.160000 
136.978684 51.336541 156.251780 91.032409 19.854965 21.582834 23.458921 25.450471 27.532438 29.685805 31.896114 14.875491 17.113717 19.426311 21.789609 24.188752 26.614049 29.058952 46.173313 48.506852 50.860178 53.230667 55.616125 58.014706 60.424845 43.648857 46.110330 48.579889 51.056359 53.538783 56.026368 58.518457 39.102673 38.258905 37.439208 36.645200 35.512572 34.581317 33.672215 32.787107 40.833155 40.747323 40.819669 41.049356 41.433767 41.968651 42.648347 33.232874 33.127356 33.216303 33.498164 33.968138 34.618565 35.439510 10.776307 9.158100 8.032185 7.620000 8.032185 9.158100 10.776307 7.620000 5.080000 2.540000 0.000000 2.540000 5.080000 7.620000 
137.922724 53.804818 154.799666 88.516763 18.317308 19.854965 21.582834 23.458921 25.450471 27.532438 29.685805 12.750857 14.875491 17.113717 19.426311 21.789609 24.188752 26.614049 43.862719 46.173313 48.506852 50.860178 53.230667 55.616125 58.014706 41.196918 43.648857 46.110330 48.579889 51.056359 53.538783 56.026368 40.856418 39.968989 39.102673 38.258905 37.434885 36.464281 35.512572 34.581317 41.076172 40.833155 40.747323 40.819669 41.049356 41.433767 41.968651 33.531020 33.232874 33.127356 33.216303 33.498164 33.968138 34.618565 12.700000 10.776307 9.158100 8.032185 7.620000 8.032185 9.158100 10.160000 7.620000 5.080000 2.540000 0.000000 2.540000 5.080000 
138.906799 56.279478 153.375871 86.002550 17.021489 18.317308 19.854965 21.582834 23.458921 25.450471 27.532438 10.807019 12.750857 14.875491 17.113717 19.426311 21.789609 24.188752 41.578897 43.862719 46.173313 48.506852 50.860178 53.230667 55.616125 38.756323 41.196918 43.648857 46.110330 48.579889 51.056359 53.538783 42.689320 41.763615 40.856418 39.968989 39.427170 38.422953 37.434885 36.464281 41.473612 41.076172 40.833155 40.747323 40.819669 41.049356 41.433767 34.016729 33.531020 33.232874 33.127356 33.216303 33.498164 33.968138 14.810618 12.700000 10.776307 9.158100 8.032185 7.620000 8.032185 12.700000 10.160000 7.620000 5.080000 2.540000 0.000000 2.540000 
139.930066 58.759714 151.981191 83.489897 16.026279 17.021489 18.317308 19.854965 21.582834 23.458921 25.450471 9.159814 10.807019 12.750857 14.875491 17.113717 19.426311 21.789609 39.326511 41.578897 43.862719 46.173313 48.506852 50.860178 53.230667 36.329359 38.756323 41.196918 43.648857 46.110330 48.579889 51.056359 44.591617 43.632353 42.689320 41.763615 41.479345 40.446335 39.427170 38.422953 42.021093 41.473612 41.076172 40.833155 40.747323 40.819669 41.049356 34.682123 34.016729 33.531020 33.232874 33.127356 33.216303 33.498164 17.038838 14.810618 12.700000 10.776307 9.158100 8.032185 7.620000 15.240000 12.700000 10.160000 7.620000 5.080000 2.540000 0.000000 
