38
# Circuit board instance
Size: large
Nodes: 38
0.000000 140.000000 140.000000 197.989899 124.509802 125.607690 126.708794 127.813032 127.150223 128.225505 129.304319 130.386578 76.828553 77.485768 78.158095 78.845146 81.235451 81.857292 82.493998 83.145228 36.419451 36.697015 37.016095 37.375625 41.407491 41.651829 41.933223 42.250932 99.447561 100.162335 100.935983 101.767162 102.654474 137.398739 139.580210 141.773621 143.978427 146.194113 
140.000000 0.000000 197.989899 140.000000 132.292167 133.325985 134.363853 135.405678 129.395926 130.452699 131.513245 132.577472 83.767319 84.370501 84.988381 85.620641 79.316679 79.953445 80.605191 81.271557 104.589883 104.686857 104.799134 104.926663 99.523100 99.625007 99.742981 99.876966 148.261189 146.331324 144.420343 142.529008 140.658110 74.367111 73.644339 73.002831 72.444746 71.972024 
140.000000 197.989899 0.000000 140.000000 70.777944 70.203407 69.647291 69.110040 75.325997 74.786407 74.264618 73.761007 120.418134 119.358052 118.302105 117.250405 123.276514 122.241223 121.210396 120.184147 137.357144 136.131112 134.905893 133.681510 138.763068 137.549567 136.337096 135.125682 51.729303 53.090459 54.536008 56.059421 57.654526 136.441849 138.638377 140.846456 143.065552 145.295159 
197.989899 140.000000 140.000000 0.000000 83.714060 83.228870 82.760326 82.308712 79.057778 78.543830 78.047165 77.568116 124.959450 123.938218 122.921622 121.909780 122.020638 120.974599 119.932886 118.895611 168.759154 167.762769 166.770102 165.781221 165.666702 164.651604 163.640065 162.632153 121.521536 119.159388 116.804705 114.457946 112.119611 72.583963 71.843255 71.185518 70.613071 70.128004 
124.509802 132.292167 70.777944 83.714060 0.000000 1.270000 2.540000 3.810000 5.080000 5.236344 5.679613 6.350000 68.255494 66.986879 65.718318 64.449814 68.678252 67.417593 66.157292 64.897368 103.747884 102.522826 101.298875 100.076072 102.533630 101.293888 100.054905 98.816709 37.901430 35.494414 33.107276 30.744645 28.412636 65.872327 68.000323 70.155738 72.336121 74.539282 
125.607690 133.325985 70.203407 83.228870 1.270000 0.000000 1.270000 2.540000 5.236344 5.080000 5.236344 5.679613 69.524159 68.255494 66.986879 65.718318 69.939248 68.678252 67.417593 66.157292 104.974010 103.747884 102.522826 101.298875 103.774104 102.533630 101.293888 100.054905 38.312909 35.933467 33.577557 31.250502 28.959256 66.585189 68.691105 70.825500 72.985878 75.169997 
126.708794 134.363853 69.647291 82.760326 2.540000 1.270000 0.000000 1.270000 5.679613 5.236344 5.080000 5.236344 70.792871 69.524159 68.255494 66.986879 71.200565 69.939248 68.678252 67.417593 106.201167 104.974010 103.747884 102.522826 105.015284 103.774104 102.533630 101.293888 38.761649 36.411544 34.088690 31.799061 29.550380 67.314464 69.398254 71.511546 73.651803 75.816741 
127.813032 135.405678 69.110040 82.308712 3.810000 2.540000 1.270000 0.000000 6.350000 5.679613 5.236344 5.080000 72.061630 70.792871 69.524159 68.255494 72.462185 71.200565 69.939248 68.678252 107.429321 106.201167 104.974010 103.747884 106.257145 105.015284 103.774104 102.533630 39.246371 36.927127 34.638866 32.388154 30.183392 68.059626 70.121274 72.213411 74.333463 76.479106 
127.150223 129.395926 75.325997 79.057778 5.080000 5.236344 5.679613 6.350000 0.000000 1.270000 2.540000 3.810000 68.209496 66.940010 65.670544 64.401099 68.255494 66.986879 65.718318 64.449814 105.193699 103.985676 102.779147 101.574166 103.747884 102.522826 101.298875 100.076072 42.761639 40.324763 37.901430 35.494414 33.107276 61.709903 63.774495 65.872327 68.000323 70.155738 
128.225505 130.452699 74.786407 78.543830 5.236344 5.080000 5.236344 5.679613 1.270000 0.000000 1.270000 2.540000 69.479001 68.209496 66.940010 65.670544 69.524159 68.255494 66.986879 65.718318 106.403166 105.193699 103.985676 102.779147 104.974010 103.747884 102.522826 101.298875 43.126772 40.711756 38.312909 35.933467 33.577557 62.470281 64.510543 66.585189 68.691105 70.825500 
129.304319 131.513245 74.264618 78.047165 5.679613 5.236344 5.080000 5.236344 2.540000 1.270000 0.000000 1.270000 70.748524 69.479001 68.209496 66.940010 70.792871 69.524159 68.255494 66.986879 107.614027 106.403166 105.193699 103.985676 106.201167 104.974010 103.747884 102.522826 43.525910 41.134335 38.761649 36.411544 34.088690 63.247022 65.263005 67.314464 69.398254 71.511546 
130.386578 132.577472 73.761007 77.568116 6.350000 5.679613 5.236344 5.080000 3.810000 2.540000 1.270000 0.000000 72.018063 70.748524 69.479001 68.209496 72.061630 70.792871 69.524159 68.255494 108.826237 107.614027 106.403166 105.193699 107.429321 106.201167 104.974010 103.747884 43.958129 41.591415 39.246371 36.927127 34.638866 64.039530 66.031321 68.059626 70.121274 72.213411 
76.828553 83.767319 120.418134 124.959450 68.255494 69.524159 70.792871 72.061630 68.209496 69.479001 70.748524 72.018063 0.000000 1.270000 2.540000 3.810000 5.080000 5.236344 5.679613 6.350000 44.059567 43.147830 42.254595 41.381060 40.726943 39.738818 38.767115 37.813100 68.745353 67.329168 65.980402 64.703271 63.502096 60.572956 62.752862 64.958938 67.188606 69.439593 
77.485768 84.370501 119.358052 123.938218 66.986879 68.255494 69.524159 70.792871 66.940010 68.209496 69.479001 70.748524 1.270000 0.000000 1.270000 2.540000 5.236344 5.080000 5.236344 5.679613 44.988682 44.059567 43.147830 42.254595 41.730324 40.726943 39.738818 38.767115 67.705988 66.267596 64.896770 63.597882 62.375424 59.919309 62.122157 64.349858 66.599921 68.870151 
78.158095 84.988381 118.302105 122.921622 65.718318 66.986879 68.255494 69.524159 65.670544 66.940010 68.209496 69.479001 2.540000 1.270000 0.000000 1.270000 5.679613 5.236344 5.080000 5.236344 45.934119 44.988682 44.059567 43.147830 42.747886 41.730324 40.726943 39.738818 66.674613 65.213475 63.820012 62.498749 61.254360 59.285665 61.511208 63.760260 66.030416 68.319574 
78.845146 85.620641 117.250405 121.909780 64.449814 65.718318 66.986879 68.255494 64.401099 65.670544 66.940010 68.209496 3.810000 2.540000 1.270000 0.000000 6.350000 5.679613 5.236344 5.080000 46.894893 45.934119 44.988682 44.059567 43.778641 42.747886 41.730324 40.726943 65.651602 64.167174 62.750481 61.406210 60.139218 58.672670 60.920612 63.190687 65.480593 67.788321 
81.235451 79.316679 123.276514 122.020638 68.678252 69.939248 71.200565 72.462185 68.255494 69.524159 70.792871 72.061630 5.080000 5.236344 5.679613 6.350000 0.000000 1.270000 2.540000 3.810000 47.701361 46.860533 46.039387 45.238993 44.059567 43.147830 42.254595 41.381060 71.763824 70.224877 68.745353 67.329168 65.980402 56.303775 58.422148 60.572956 62.752862 64.958938 
81.857292 79.953445 122.241223 120.974599 67.417593 68.678252 69.939248 71.200565 66.986879 68.255494 69.524159 70.792871 5.236344 5.080000 5.236344 5.679613 1.270000 0.000000 1.270000 2.540000 48.560847 47.701361 46.860533 46.039387 44.988682 44.059567 43.147830 42.254595 70.768805 69.207736 67.705988 66.267596 64.896770 55.599961 57.744160 59.919309 62.122157 64.349858 
82.493998 80.605191 121.210396 119.932886 66.157292 67.417593 68.678252 69.939248 65.718318 66.986879 68.255494 69.524159 5.679613 5.236344 5.080000 5.236344 2.540000 1.270000 0.000000 1.270000 49.438019 48.560847 47.701361 46.860533 45.934119 44.988682 44.059567 43.147830 69.782712 68.199075 66.674613 65.213475 63.820012 54.916501 57.086377 59.285665 61.511208 63.760260 
83.145228 81.271557 120.184147 118.895611 64.897368 66.157292 67.417593 68.678252 64.449814 65.718318 66.986879 68.255494 6.350000 5.679613 5.236344 5.080000 3.810000 2.540000 1.270000 0.000000 50.331952 49.438019 48.560847 47.701361 46.894893 45.934119 44.988682 44.059567 68.805928 67.199276 65.651602 64.167174 62.750481 54.254164 56.449506 58.672670 60.920612 63.190687 
36.419451 104.589883 137.357144 168.759154 103.747884 104.974010 106.201167 107.429321 105.193699 106.403166 107.614027 108.826237 44.059567 44.988682 45.934119 46.894893 47.701361 48.560847 49.438019 50.331952 0.000000 1.270000 2.540000 3.810000 5.080000 5.236344 5.679613 6.350000 88.851117 88.634070 88.489429 88.417548 88.418605 103.763609 105.782368 107.823166 109.884778 111.966051 
36.697015 104.686857 136.131112 167.762769 102.522826 103.747884 104.974010 106.201167 103.985676 105.193699 106.403166 107.614027 43.147830 44.059567 44.988682 45.934119 46.860533 47.701361 48.560847 49.438019 1.270000 0.000000 1.270000 2.540000 5.236344 5.080000 5.236344 5.679613 87.587529 87.367343 87.220600 87.147673 87.148746 102.990310 105.023934 107.079189 109.154852 111.249783 
37.016095 104.799134 134.905893 166.770102 101.298875 102.522826 103.747884 104.974010 102.779147 103.985676 105.193699 106.403166 42.254595 43.147830 44.059567 44.988682 46.039387 46.860533 47.701361 48.560847 2.540000 1.270000 0.000000 1.270000 5.679613 5.236344 5.080000 5.236344 86.324129 86.100712 85.951807 85.877802 85.878890 102.226940 104.275453 106.345174 108.434889 110.543464 
37.375625 104.926663 133.681510 165.781221 100.076072 101.298875 102.522826 103.747884 101.574166 102.779147 103.985676 105.193699 41.381060 42.254595 43.147830 44.059567 45.238993 46.039387 46.860533 47.701361 3.810000 2.540000 1.270000 0.000000 6.350000 5.679613 5.236344 5.080000 85.060925 84.834181 84.683050 84.607935 84.609040 101.473723 103.537139 105.621329 107.725086 109.847287 
41.407491 99.523100 138.763068 165.666702 102.533630 103.774104 105.015284 106.257145 103.747884 104.974010 106.201167 107.429321 40.726943 41.730324 42.747886 43.778641 44.059567 44.988682 45.934119 46.894893 5.080000 5.236344 5.679613 6.350000 0.000000 1.270000 2.540000 3.810000 89.500145 89.140041 88.851117 88.634070 88.489429 99.797548 101.768202 103.763609 105.782368 107.823166 
41.651829 99.625007 137.549567 164.651604 101.293888 102.533630 103.774104 105.015284 102.522826 103.747884 104.974010 106.201167 39.738818 40.726943 41.730324 42.747886 43.147830 44.059567 44.988682 45.934119 5.236344 5.080000 5.236344 5.679613 1.270000 0.000000 1.270000 2.540000 88.245851 87.880607 87.587529 87.367343 87.220600 98.993273 100.979624 102.990310 105.023934 107.079189 
41.933223 99.742981 136.337096 163.640065 100.054905 101.293888 102.533630 103.774104 101.298875 102.522826 103.747884 104.974010 38.767115 39.738818 40.726943 41.730324 42.254595 43.147830 44.059567 44.988682 5.679613 5.236344 5.080000 5.236344 2.540000 1.270000 0.000000 1.270000 86.992012 86.621482 86.324129 86.100712 85.951807 98.198836 100.200937 102.226940 104.275453 106.345174 
42.250932 99.876966 135.125682 162.632153 98.816709 100.054905 101.293888 102.533630 100.076072 101.298875 102.522826 103.747884 37.813100 38.767115 39.738818 40.726943 41.381060 42.254595 43.147830 44.059567 6.350000 5.679613 5.236344 5.080000 3.810000 2.540000 1.270000 0.000000 85.738649 85.362678 85.060925 84.834181 84.683050 97.414478 99.432373 101.473723 103.537139 105.621329 
99.447561 148.261189 51.729303 121.521536 37.901430 38.312909 38.761649 39.246371 42.761639 43.126772 43.525910 43.958129 68.745353 67.705988 66.674613 65.651602 71.763824 70.768805 69.782712 68.805928 88.851117 87.587529 86.324129 85.060925 89.500145 88.245851 86.992012 85.738649 0.000000 2.540000 5.080000 7.620000 10.160000 94.186704 96.639186 99.096076 101.557057 104.021836 
100.162335 146.331324 53.090459 119.159388 35.494414 35.933467 36.411544 36.927127 40.324763 40.711756 41.134335 41.591415 67.329168 66.267596 65.213475 64.167174 70.224877 69.207736 68.199075 67.199276 88.634070 87.367343 86.100712 84.834181 89.140041 87.880607 86.621482 85.362678 2.540000 0.000000 2.540000 5.080000 7.620000 91.738985 94.186704 96.639186 99.096076 101.557057 
100.935983 144.420343 54.536008 116.804705 33.107276 33.577557 34.088690 34.638866 37.901430 38.312909 38.761649 39.246371 65.980402 64.896770 63.820012 62.750481 68.745353 67.705988 66.674613 65.651602 88.489429 87.220600 85.951807 84.683050 88.851117 87.587529 86.324129 85.060925 5.080000 2.540000 0.000000 2.540000 5.080000 89.296421 91.738985 94.186704 96.639186 99.096076 
101.767162 142.529008 56.059421 114.457946 30.744645 31.250502 31.799061 32.388154 35.494414 35.933467 36.411544 36.927127 64.703271 63.597882 62.498749 61.406210 67.329168 66.267596 65.213475 64.167174 88.417548 87.147673 85.877802 84.607935 88.634070 87.367343 86.100712 84.834181 7.620000 5.080000 2.540000 0.000000 2.540000 86.859447 89.296421 91.738985 94.186704 96.639186 
102.654474 140.658110 57.654526 112.119611 28.412636 28.959256 29.550380 30.183392 33.107276 33.577557 34.088690 34.638866 63.502096 62.375424 61.254360 60.139218 65.980402 64.896770 63.820012 62.750481 88.418605 87.148746 85.878890 84.609040 88.489429 87.220600 85.951807 84.683050 10.160000 7.620000 5.080000 2.540000 0.000000 84.428545 86.859447 89.296421 91.738985 94.186704 
137.398739 74.367111 136.441849 72.583963 65.872327 66.585189 67.314464 68.059626 61.709903 62.470281 63.247022 64.039530 60.572956 59.919309 59.285665 58.672670 56.303775 55.599961 54.916501 54.254164 103.763609 102.990310 102.226940 101.473723 99.797548 98.993273 98.198836 97.414478 94.186704 91.738985 89.296421 86.859447 84.428545 0.000000 2.540000 5.080000 7.620000 10.160000 
139.580210 73.644339 138.638377 71.843255 68.000323 68.691105 69.398254 70.121274 63.774495 64.510543 65.263005 66.031321 62.752862 62.122157 61.511208 60.920612 58.422148 57.744160 57.086377 56.449506 105.782368 105.023934 104.275453 103.537139 101.768202 100.979624 100.200937 99.432373 96.639186 94.186704 91.738985 89.296421 86.859447 2.540000 0.000000 2.540000 5.080000 7.620000 
141.773621 73.002831 140.846456 71.185518 70.155738 70.825500 71.511546 72.213411 65.872327 66.585189 67.314464 68.059626 64.958938 64.349858 63.760260 63.190687 60.572956 59.919309 59.285665 58.672670 107.823166 107.079189 106.345174 105.621329 103.763609 102.990310 102.226940 101.473723 99.096076 96.639186 94.186704 91.738985 89.296421 5.080000 2.540000 0.000000 2.540000 5.080000 
143.978427 72.444746 143.065552 70.613071 72.336121 72.985878 73.651803 74.333463 68.000323 68.691105 69.398254 70.121274 67.188606 66.599921 66.030416 65.480593 62.752862 62.122157 61.511208 60.920612 109.884778 109.154852 108.434889 107.725086 105.782368 105.023934 104.275453 103.537139 101.557057 99.096076 96.639186 94.186704 91.738985 7.620000 5.080000 2.540000 0.000000 2.540000 
146.194113 71.972024 145.295159 70.128004 74.539282 75.169997 75.816741 76.479106 70.155738 70.825500 71.511546 72.213411 69.439593 68.870151 68.319574 67.788321 64.958938 64.349858 63.760260 63.190687 111.966051 111.249783 110.543464 109.847287 107.823166 107.079189 106.345174 105.621329 104.021836 101.557057 99.096076 96.639186 94.186704 10.160000 7.620000 5.080000 2.540000 0.000000 
