36
# Circuit board instance
Size: large
Nodes: 36
0.000000 115.000000 115.000000 162.634560 117.139307 119.135119 121.151308 123.186872 125.240866 40.429858 41.058392 41.831960 42.742689 43.782019 95.608656 98.141846 100.675378 103.209229 105.743374 108.277794 110.812470 96.473383 98.984445 101.496947 104.010785 106.525864 109.042099 111.559410 114.963027 116.094135 117.228088 118.364805 117.371325 118.479444 119.590782 120.705251 
115.000000 0.000000 162.634560 115.000000 76.737085 75.999604 75.340577 74.762079 74.265993 113.281692 110.904283 108.534240 106.172057 103.818272 143.998537 145.692777 147.411313 149.153305 150.917940 152.704434 154.512028 138.380190 140.142370 141.928129 143.736588 145.566903 147.418258 149.289870 119.829714 120.915305 122.004457 123.097075 117.261634 118.370780 119.483129 120.598592 
115.000000 162.634560 0.000000 115.000000 100.701962 103.016720 105.341859 107.676707 110.020646 76.054477 76.390455 76.809003 77.308780 77.888223 20.893814 18.524529 16.207038 13.967147 11.848945 9.930610 8.351031 24.548931 22.566717 20.706681 19.004729 17.507029 16.270082 15.357027 54.054921 53.769742 53.513191 53.285682 59.003940 58.742792 58.508052 58.300038 
162.634560 115.000000 115.000000 0.000000 48.040069 46.853044 45.776309 44.817814 43.985288 130.316737 128.255487 126.211692 124.186214 122.179964 109.686439 109.259881 108.890915 108.580130 108.328025 108.135010 108.001403 102.198891 101.740946 101.344610 101.010609 100.739562 100.531980 100.388255 63.754194 63.512581 63.295532 63.103302 58.785438 58.523316 58.287691 58.078888 
117.139307 76.737085 100.701962 48.040069 0.000000 2.540000 5.080000 7.620000 10.160000 89.310159 86.962145 84.625221 82.300332 79.988527 87.356069 88.038071 88.787524 89.602735 90.481926 91.423252 92.424814 80.011608 80.755660 81.572049 82.458625 83.413150 84.433321 85.516787 48.734207 49.505352 50.296745 51.107447 44.769828 45.608053 46.465872 47.342220 
119.135119 75.999604 103.016720 46.853044 2.540000 0.000000 2.540000 5.080000 7.620000 91.668410 89.310159 86.962145 84.625221 82.300332 89.814425 90.477899 91.207306 92.001077 92.857563 93.775045 94.751751 82.454206 83.176410 83.969266 84.830792 85.758919 86.751508 87.806375 50.790948 51.531324 52.292065 53.072296 46.725032 47.528787 48.352542 49.195293 
121.151308 75.340577 105.341859 45.776309 5.080000 2.540000 0.000000 2.540000 5.080000 94.036130 91.668410 89.310159 86.962145 84.625221 92.277203 92.923095 93.633455 94.406830 95.241684 96.136416 97.089370 84.902519 85.604071 86.374646 87.212414 88.115458 89.081794 90.109385 52.889707 53.601101 54.332870 55.084202 48.734207 49.505352 50.296745 51.107447 
123.186872 74.762079 107.676707 44.817814 7.620000 5.080000 2.540000 0.000000 2.540000 96.412619 94.036130 91.668410 89.310159 86.962145 94.744060 95.373246 96.065491 96.819441 97.633667 98.506675 99.436916 87.356069 88.038071 88.787524 89.602735 90.481926 91.423252 92.424814 55.025676 55.709801 56.414224 57.138194 50.790948 51.531324 52.292065 53.072296 
125.240866 74.265993 110.020646 43.985288 10.160000 7.620000 5.080000 2.540000 0.000000 98.797245 96.412619 94.036130 91.668410 89.310159 97.214683 97.827981 98.502976 99.238409 100.032948 100.885196 101.793703 89.814425 90.477899 91.207306 92.001077 92.857563 93.775045 94.751751 57.194686 57.853168 58.531801 59.229894 52.889707 53.601101 54.332870 55.084202 
40.429858 113.281692 76.054477 130.316737 89.310159 91.668410 94.036130 96.412619 98.797245 0.000000 2.540000 5.080000 7.620000 10.160000 55.914280 58.453125 60.992067 63.531093 66.070194 68.609362 71.148589 56.197914 58.724499 61.252193 63.780865 66.310403 68.840711 71.371708 76.520531 77.566227 78.618530 79.677179 79.532315 80.538916 81.552871 82.573908 
41.058392 110.904283 76.390455 128.255487 86.962145 89.310159 91.668410 94.036130 96.412619 2.540000 0.000000 2.540000 5.080000 7.620000 56.050098 58.583057 61.116602 63.650660 66.185175 68.720094 71.255375 55.988416 58.524046 61.060039 63.596351 66.132947 68.669794 71.206866 75.098254 76.163480 77.234897 78.312253 77.999608 79.025734 80.058856 81.098705 
41.831960 108.534240 76.809003 126.211692 84.625221 86.962145 89.310159 91.668410 94.036130 5.080000 2.540000 0.000000 2.540000 5.080000 56.300297 58.822484 61.346140 63.871093 66.397193 68.924316 71.452351 55.893677 58.433418 60.973180 63.512961 66.052759 68.592572 71.132399 73.736063 74.820685 75.911058 77.006936 76.520531 77.566227 78.618530 79.677179 
42.742689 106.172057 77.308780 124.186214 82.300332 84.625221 86.962145 89.310159 91.668410 7.620000 5.080000 2.540000 0.000000 2.540000 56.663362 59.170075 61.679511 64.191352 66.705326 69.221199 71.738773 55.914280 58.453125 60.992067 63.531093 66.070194 68.609362 71.148589 72.437349 73.541128 74.650192 75.764310 75.098254 76.163480 77.234897 78.312253 
43.782019 103.818272 77.888223 122.179964 79.988527 82.300332 84.625221 86.962145 89.310159 10.160000 7.620000 5.080000 2.540000 0.000000 57.137141 59.623939 62.115042 64.609953 67.108247 69.609560 72.113577 56.050098 58.583057 61.116602 63.650660 66.185175 68.720094 71.255375 71.205584 72.328163 73.455543 74.587508 73.736063 74.820685 75.911058 77.006936 
95.608656 143.998537 20.893814 109.686439 87.356069 89.814425 92.277203 94.744060 97.214683 55.914280 56.050098 56.300297 56.663362 57.137141 0.000000 2.540000 5.080000 7.620000 10.160000 12.700000 15.240000 7.620000 8.032185 9.158100 10.776307 12.700000 14.810618 17.038838 45.965928 46.174015 46.415931 46.691149 50.993866 51.181515 51.399867 51.648534 
98.141846 145.692777 18.524529 109.259881 88.038071 90.477899 92.923095 95.373246 97.827981 58.453125 58.583057 58.822484 59.170075 59.623939 2.540000 0.000000 2.540000 5.080000 7.620000 10.160000 12.700000 8.032185 7.620000 8.032185 9.158100 10.776307 12.700000 14.810618 45.653014 45.792131 45.965928 46.174015 50.711985 50.837260 50.993866 51.181515 
100.675378 147.411313 16.207038 108.890915 88.787524 91.207306 93.633455 96.065491 98.502976 60.992067 61.116602 61.346140 61.679511 62.115042 5.080000 2.540000 0.000000 2.540000 5.080000 7.620000 10.160000 9.158100 8.032185 7.620000 8.032185 9.158100 10.776307 12.700000 45.480018 45.548897 45.653014 45.792131 50.556303 50.618275 50.711985 50.837260 
103.209229 149.153305 13.967147 108.580130 89.602735 92.001077 94.406830 96.819441 99.238409 63.531093 63.650660 63.871093 64.191352 64.609953 7.620000 5.080000 2.540000 0.000000 2.540000 5.080000 7.620000 10.776307 9.158100 8.032185 7.620000 8.032185 9.158100 10.776307 45.448538 45.446539 45.480018 45.548897 50.527986 50.526188 50.556303 50.618275 
105.743374 150.917940 11.848945 108.328025 90.481926 92.857563 95.241684 97.633667 100.032948 66.070194 66.185175 66.397193 66.705326 67.108247 10.160000 7.620000 5.080000 2.540000 0.000000 2.540000 5.080000 12.700000 10.776307 9.158100 8.032185 7.620000 8.032185 9.158100 45.558867 45.486010 45.448538 45.446539 50.627247 50.561693 50.527986 50.526188 
108.277794 152.704434 9.930610 108.135010 91.423252 93.775045 96.136416 98.506675 100.885196 68.609362 68.720094 68.924316 69.221199 69.609560 12.700000 10.160000 7.620000 5.080000 2.540000 0.000000 2.540000 14.810618 12.700000 10.776307 9.158100 8.032185 7.620000 8.032185 45.809980 45.666940 45.558867 45.486010 50.853339 50.724522 50.627247 50.561693 
110.812470 154.512028 8.351031 108.001403 92.424814 94.751751 97.089370 99.436916 101.793703 71.148589 71.255375 71.452351 71.738773 72.113577 15.240000 12.700000 10.160000 7.620000 5.080000 2.540000 0.000000 17.038838 14.810618 12.700000 10.776307 9.158100 8.032185 7.620000 46.199583 45.987661 45.809980 45.666940 51.204582 51.013456 50.853339 50.724522 
96.473383 138.380190 24.548931 102.198891 80.011608 82.454206 84.902519 87.356069 89.814425 56.197914 55.988416 55.893677 55.914280 56.050098 7.620000 8.032185 9.158100 10.776307 12.700000 14.810618 17.038838 0.000000 2.540000 5.080000 7.620000 10.160000 12.700000 15.240000 38.449694 38.698218 38.986549 39.313811 43.456501 43.676546 43.932215 44.222893 
98.984445 140.142370 22.566717 101.740946 80.755660 83.176410 85.604071 88.038071 90.477899 58.724499 58.524046 58.433418 58.453125 58.583057 8.032185 7.620000 8.032185 9.158100 10.776307 12.700000 14.810618 2.540000 0.000000 2.540000 5.080000 7.620000 10.160000 12.700000 38.075059 38.241752 38.449694 38.698218 43.125383 43.272626 43.456501 43.676546 
101.496947 141.928129 20.706681 101.344610 81.572049 83.969266 86.374646 88.787524 91.207306 61.252193 61.060039 60.973180 60.992067 61.116602 9.158100 8.032185 7.620000 8.032185 9.158100 10.776307 12.700000 5.080000 2.540000 0.000000 2.540000 5.080000 7.620000 10.160000 37.867459 37.950156 38.075059 38.241752 42.942205 43.015148 43.125383 43.272626 
104.010785 143.736588 19.004729 101.010609 82.458625 84.830792 87.212414 89.602735 92.001077 63.780865 63.596351 63.512961 63.531093 63.650660 10.776307 9.158100 8.032185 7.620000 8.032185 9.158100 10.776307 7.620000 5.080000 2.540000 0.000000 2.540000 5.080000 7.620000 37.829644 37.827243 37.867459 37.950156 42.908863 42.906746 42.942205 43.015148 
106.525864 145.566903 17.507029 100.739562 83.413150 85.758919 88.115458 90.481926 92.857563 66.310403 66.132947 66.052759 66.070194 66.185175 12.700000 10.776307 9.158100 8.032185 7.620000 8.032185 9.158100 10.160000 7.620000 5.080000 2.540000 0.000000 2.540000 5.080000 37.962122 37.874655 37.829644 37.827243 43.025705 42.948551 42.908863 42.906746 
109.042099 147.418258 16.270082 100.531980 84.433321 86.751508 89.081794 91.423252 93.775045 68.840711 68.669794 68.592572 68.609362 68.720094 14.810618 12.700000 10.776307 9.158100 8.032185 7.620000 8.032185 12.700000 10.160000 7.620000 5.080000 2.540000 0.000000 2.540000 38.263124 38.091755 37.962122 37.874655 43.291514 43.140125 43.025705 42.948551 
111.559410 149.289870 15.357027 100.388255 85.516787 87.806375 90.109385 92.424814 94.751751 71.371708 71.206866 71.132399 71.148589 71.255375 17.038838 14.810618 12.700000 10.776307 9.158100 8.032185 7.620000 15.240000 12.700000 10.160000 7.620000 5.080000 2.540000 0.000000 38.728721 38.475672 38.263124 38.091755 43.703574 43.479488 43.291514 43.140125 
114.963027 119.829714 54.054921 63.754194 48.734207 50.790948 52.889707 55.025676 57.194686 76.520531 75.098254 73.736063 72.437349 71.205584 45.965928 45.653014 45.480018 45.448538 45.558867 45.809980 46.199583 38.449694 38.075059 37.867459 37.829644 37.962122 38.263124 38.728721 0.000000 1.270000 2.540000 3.810000 5.080000 5.236344 5.679613 6.350000 
116.094135 120.915305 53.769742 63.512581 49.505352 51.531324 53.601101 55.709801 57.853168 77.566227 76.163480 74.820685 73.541128 72.328163 46.174015 45.792131 45.548897 45.446539 45.486010 45.666940 45.987661 38.698218 38.241752 37.950156 37.827243 37.874655 38.091755 38.475672 1.270000 0.000000 1.270000 2.540000 5.236344 5.080000 5.236344 5.679613 
117.228088 122.004457 53.513191 63.295532 50.296745 52.292065 54.332870 56.414224 58.531801 78.618530 77.234897 75.911058 74.650192 73.455543 46.415931 45.965928 45.653014 45.480018 45.448538 45.558867 45.809980 38.986549 38.449694 38.075059 37.867459 37.829644 37.962122 38.263124 2.540000 1.270000 0.000000 1.270000 5.679613 5.236344 5.080000 5.236344 
118.364805 123.097075 53.285682 63.103302 51.107447 53.072296 55.084202 57.138194 59.229894 79.677179 78.312253 77.006936 75.764310 74.587508 46.691149 46.174015 45.792131 45.548897 45.446539 45.486010 45.666940 39.313811 38.698218 38.241752 37.950156 37.827243 37.874655 38.091755 3.810000 2.540000 1.270000 0.000000 6.350000 5.679613 5.236344 5.080000 
117.371325 117.261634 59.003940 58.785438 44.769828 46.725032 48.734207 50.790948 52.889707 79.532315 77.999608 76.520531 75.098254 73.736063 50.993866 50.711985 50.556303 50.527986 50.627247 50.853339 51.204582 43.456501 43.125383 42.942205 42.908863 43.025705 43.291514 43.703574 5.080000 5.236344 5.679613 6.350000 0.000000 1.270000 2.540000 3.810000 
118.479444 118.370780 58.742792 58.523316 45.608053 47.528787 49.505352 51.531324 53.601101 80.538916 79.025734 77.566227 76.163480 74.820685 51.181515 50.837260 50.618275 50.526188 50.561693 50.724522 51.013456 43.676546 43.272626 43.015148 42.906746 42.948551 43.140125 43.479488 5.236344 5.080000 5.236344 5.679613 1.270000 0.000000 1.270000 2.540000 
119.590782 119.483129 58.508052 58.287691 46.465872 48.352542 50.296745 52.292065 54.332870 81.552871 80.058856 78.618530 77.234897 75.911058 51.399867 50.993866 50.711985 50.556303 50.527986 50.627247 50.853339 43.932215 43.456501 43.125383 42.942205 42.908863 43.025705 43.291514 5.679613 5.236344 5.080000 5.236344 2.540000 1.270000 0.000000 1.270000 
120.705251 120.598592 58.300038 58.078888 47.342220 49.195293 51.107447 53.072296 55.084202 82.573908 81.098705 79.677179 78.312253 77.006936 51.648534 51.181515 50.837260 50.618275 50.526188 50.561693 50.724522 44.222893 43.676546 43.272626 43.015148 42.906746 42.948551 43.140125 6.350000 5.679613 5.236344 5.080000 3.810000 2.540000 1.270000 0.000000 
