28
# Circuit board instance
Size: medium
Nodes: 28
0.000000 65.000000 65.000000 91.923882 37.058851 39.423457 41.808644 44.211081 46.628101 49.057550 51.497667 40.547688 42.719616 44.930161 47.173894 49.446299 51.743597 54.062615 73.811947 75.353913 76.948840 78.593505 80.284851 26.079025 28.293499 30.558662 32.864035 35.201718 
65.000000 0.000000 91.923882 65.000000 61.514671 62.967494 64.487666 66.070538 67.711713 69.407057 71.152695 55.355319 56.965445 58.641416 60.377749 62.169388 64.011687 65.900400 62.866970 62.065002 61.357773 60.748592 60.240432 44.597597 42.179997 39.777656 37.393514 35.031286 
65.000000 91.923882 0.000000 65.000000 33.695595 31.401332 29.147854 26.945396 24.807550 22.752535 20.804913 37.498663 35.451379 33.471690 31.572313 29.768627 28.079076 26.525479 44.380256 46.900061 49.421934 51.945574 54.470734 56.355844 57.414177 58.563619 59.798916 61.114864 
91.923882 65.000000 65.000000 0.000000 59.549051 58.281558 57.098982 56.006702 55.010098 54.114454 53.324860 53.162450 51.738734 50.402880 49.162051 48.023613 46.995008 46.083591 21.763719 19.325323 16.916853 14.553177 12.260228 66.968734 65.383620 63.860219 62.403049 61.016856 
37.058851 61.514671 33.695595 59.549051 0.000000 2.540000 5.080000 7.620000 10.160000 12.700000 15.240000 7.620000 8.032185 9.158100 10.776307 12.700000 14.810618 17.038838 39.044473 41.031477 43.076635 45.172050 47.311045 22.673318 23.740018 25.020008 26.482378 28.098667 
39.423457 62.967494 31.401332 58.281558 2.540000 0.000000 2.540000 5.080000 7.620000 10.160000 12.700000 8.032185 7.620000 8.032185 9.158100 10.776307 12.700000 14.810618 37.473838 39.539851 41.658303 43.821591 46.023393 25.047168 26.016721 27.189743 28.541157 30.046903 
41.808644 64.487666 29.147854 57.098982 5.080000 2.540000 0.000000 2.540000 5.080000 7.620000 10.160000 9.158100 8.032185 7.620000 8.032185 9.158100 10.776307 12.700000 36.014018 38.159150 40.350156 42.579957 44.842765 27.450777 28.338212 29.418814 30.672172 32.078044 
44.211081 66.070538 26.945396 56.006702 7.620000 5.080000 2.540000 0.000000 2.540000 5.080000 7.620000 10.776307 9.158100 8.032185 7.620000 8.032185 9.158100 10.776307 34.679008 36.901827 39.163238 41.456928 43.777822 29.876962 30.694331 31.694705 32.861373 34.177311 
46.628101 67.711713 24.807550 55.010098 10.160000 7.620000 5.080000 2.540000 0.000000 2.540000 5.080000 12.700000 10.776307 9.158100 8.032185 7.620000 8.032185 9.158100 33.483741 35.780890 38.108877 40.462380 42.837192 32.320640 33.077680 34.008017 35.097874 36.332898 
49.057550 69.407057 22.752535 54.114454 12.700000 10.160000 7.620000 5.080000 2.540000 0.000000 2.540000 14.810618 12.700000 10.776307 9.158100 8.032185 7.620000 8.032185 32.443665 34.809519 37.198347 39.605993 42.029222 34.778123 35.482770 36.351607 37.373184 38.535355 
51.497667 71.152695 20.804913 53.324860 15.240000 12.700000 10.160000 7.620000 5.080000 2.540000 0.000000 17.038838 14.810618 12.700000 10.776307 9.158100 8.032185 7.620000 31.574121 34.000534 36.442431 38.896894 41.361688 37.246680 37.905465 38.719977 39.680627 40.777088 
40.547688 55.355319 37.498663 53.162450 7.620000 8.032185 9.158100 10.776307 12.700000 14.810618 17.038838 0.000000 2.540000 5.080000 7.620000 10.160000 12.700000 15.240000 33.534406 35.283962 37.124962 39.044473 41.031477 21.046879 21.301893 21.851165 22.673318 23.740018 
42.719616 56.965445 35.451379 51.738734 8.032185 7.620000 8.032185 9.158100 10.776307 12.700000 14.810618 2.540000 0.000000 2.540000 5.080000 7.620000 10.160000 12.700000 31.691861 33.537676 35.469431 37.473838 39.539851 23.585004 23.812853 24.305446 25.047168 26.016721 
44.930161 58.641416 33.471690 50.402880 9.158100 8.032185 7.620000 8.032185 9.158100 10.776307 12.700000 5.080000 2.540000 0.000000 2.540000 5.080000 7.620000 10.160000 29.951544 31.898223 33.923464 36.014018 38.159150 26.123494 26.329384 26.775720 27.450777 28.338212 
47.173894 60.377749 31.572313 49.162051 10.776307 9.158100 8.032185 7.620000 8.032185 9.158100 10.776307 7.620000 5.080000 2.540000 0.000000 2.540000 5.080000 7.620000 28.332298 30.382902 32.502701 34.679008 36.901827 28.662251 28.850029 29.257937 29.876962 30.694331 
49.446299 62.169388 29.768627 48.023613 12.700000 10.776307 9.158100 8.032185 7.620000 8.032185 9.158100 10.160000 7.620000 5.080000 2.540000 0.000000 2.540000 5.080000 26.856031 29.011171 31.224235 33.483741 35.780890 31.201210 31.373796 31.749296 32.320640 33.077680 
51.743597 64.011687 28.079076 46.995008 14.810618 12.700000 10.776307 9.158100 8.032185 7.620000 8.032185 12.700000 10.160000 7.620000 5.080000 2.540000 0.000000 2.540000 25.547542 27.804290 30.106201 32.443665 34.809519 33.740326 33.899988 34.247801 34.778123 35.482770 
54.062615 65.900400 26.525479 46.083591 17.038838 14.810618 12.700000 10.776307 9.158100 8.032185 7.620000 15.240000 12.700000 10.160000 7.620000 5.080000 2.540000 0.000000 24.433801 26.784552 29.167054 31.574121 34.000534 36.279566 36.428100 36.751996 37.246680 37.905465 
73.811947 62.866970 44.380256 21.763719 39.044473 37.473838 36.014018 34.679008 33.483741 32.443665 31.574121 33.534406 31.691861 29.951544 28.332298 26.856031 25.547542 24.433801 0.000000 2.540000 5.080000 7.620000 10.160000 50.769799 49.743563 48.828012 48.029477 47.353878 
75.353913 62.065002 46.900061 19.325323 41.031477 39.539851 38.159150 36.901827 35.780890 34.809519 34.000534 35.283962 33.537676 31.898223 30.382902 29.011171 27.804290 26.784552 2.540000 0.000000 2.540000 5.080000 7.620000 51.900156 50.769799 49.743563 48.828012 48.029477 
76.948840 61.357773 49.421934 16.916853 43.076635 41.658303 40.350156 39.163238 38.108877 37.198347 36.442431 37.124962 35.469431 33.923464 32.502701 31.224235 30.106201 29.167054 5.080000 2.540000 0.000000 2.540000 5.080000 53.127988 51.900156 50.769799 49.743563 48.828012 
78.593505 60.748592 51.945574 14.553177 45.172050 43.821591 42.579957 41.456928 40.462380 39.605993 38.896894 39.044473 37.473838 36.014018 34.679008 33.483741 32.443665 31.574121 7.620000 5.080000 2.540000 0.000000 2.540000 54.446700 53.127988 51.900156 50.769799 49.743563 
80.284851 60.240432 54.470734 12.260228 47.311045 46.023393 44.842765 43.777822 42.837192 42.029222 41.361688 41.031477 39.539851 38.159150 36.901827 35.780890 34.809519 34.000534 10.160000 7.620000 5.080000 2.540000 0.000000 55.849856 54.446700 53.127988 51.900156 50.769799 
26.079025 44.597597 56.355844 66.968734 22.673318 25.047168 27.450777 29.876962 32.320640 34.778123 37.246680 21.046879 23.585004 26.123494 28.662251 31.201210 33.740326 36.279566 50.769799 51.900156 53.127988 54.446700 55.849856 0.000000 2.540000 5.080000 7.620000 10.160000 
28.293499 42.179997 57.414177 65.383620 23.740018 26.016721 28.338212 30.694331 33.077680 35.482770 37.905465 21.301893 23.812853 26.329384 28.850029 31.373796 33.899988 36.428100 49.743563 50.769799 51.900156 53.127988 54.446700 2.540000 0.000000 2.540000 5.080000 7.620000 
30.558662 39.777656 58.563619 63.860219 25.020008 27.189743 29.418814 31.694705 34.008017 36.351607 38.719977 21.851165 24.305446 26.775720 29.257937 31.749296 34.247801 36.751996 48.828012 49.743563 50.769799 51.900156 53.127988 5.080000 2.540000 0.000000 2.540000 5.080000 
32.864035 37.393514 59.798916 62.403049 26.482378 28.541157 30.672172 32.861373 35.097874 37.373184 39.680627 22.673318 25.047168 27.450777 29.876962 32.320640 34.778123 37.246680 48.029477 48.828012 49.743563 50.769799 51.900156 7.620000 5.080000 2.540000 0.000000 2.540000 
35.201718 35.031286 61.114864 61.016856 28.098667 30.046903 32.078044 34.177311 36.332898 38.535355 40.777088 23.740018 26.016721 28.338212 30.694331 33.077680 35.482770 37.905465 47.353878 48.029477 48.828012 49.743563 50.769799 10.160000 7.620000 5.080000 2.540000 0.000000 
