33
# Circuit board instance
Size: medium
Nodes: 33
0.000000 115.000000 115.000000 162.634560 22.852134 23.820115 25.009577 26.390589 27.934757 29.616571 31.413932 30.143017 30.883318 31.809753 32.906605 34.157460 35.546065 37.056937 79.708622 80.659352 81.678031 82.762152 83.909178 115.969146 117.778445 119.614316 121.475555 123.361012 85.850687 88.288615 90.732142 93.180829 95.634280 
115.000000 0.000000 162.634560 115.000000 93.767288 94.007883 94.316293 94.691855 95.133773 95.641129 96.212885 86.174739 86.436471 86.771796 87.179865 87.659662 88.210016 88.829616 113.875139 111.963449 110.077171 108.217636 106.386244 88.419566 87.502794 86.650803 85.865519 85.148789 40.818974 38.814012 36.875055 35.013070 33.240993 
115.000000 162.634560 0.000000 115.000000 109.516511 107.027305 104.540543 102.056403 99.575081 97.096794 94.621780 111.266561 108.817395 106.372490 103.932145 101.496691 99.066487 96.641931 49.788865 51.297151 52.884474 54.543933 56.269146 88.365633 90.727088 93.097943 95.477499 97.865120 122.376020 124.098466 125.848605 127.625298 129.427452 
162.634560 115.000000 115.000000 0.000000 142.351503 140.445464 138.559768 136.695258 134.852812 133.033348 131.237820 137.469021 135.494316 133.538724 131.603096 129.688328 127.795356 125.925164 95.357296 93.066001 90.787942 88.524140 86.275719 46.665427 44.904136 43.220411 41.623668 40.124290 96.289866 95.457201 94.685371 93.975874 93.330131 
22.852134 93.767288 109.516511 142.351503 0.000000 2.540000 5.080000 7.620000 10.160000 12.700000 15.240000 7.620000 8.032185 9.158100 10.776307 12.700000 14.810618 17.038838 67.109870 67.429684 67.843151 68.348571 68.943922 95.855111 97.476574 99.136603 100.833292 102.564822 63.039876 65.491419 67.949460 70.413319 72.882405 
23.820115 94.007883 107.027305 140.445464 2.540000 0.000000 2.540000 5.080000 7.620000 10.160000 12.700000 8.032185 7.620000 8.032185 9.158100 10.776307 12.700000 14.810618 64.585106 64.917359 65.346724 65.871302 66.488838 93.897294 95.551986 97.244874 98.973998 100.737492 62.410635 64.885956 67.366092 69.850532 72.338830 
25.009577 94.316293 104.540543 138.559768 5.080000 2.540000 0.000000 2.540000 5.080000 7.620000 10.160000 9.158100 8.032185 7.620000 8.032185 9.158100 10.776307 12.700000 62.061585 62.407275 62.853789 63.398997 64.040378 91.967953 93.656739 95.383271 97.145535 98.941624 61.879333 64.375086 66.874172 69.376230 71.880949 
26.390589 94.691855 102.056403 136.695258 7.620000 5.080000 2.540000 0.000000 2.540000 5.080000 7.620000 10.776307 9.158100 8.032185 7.620000 8.032185 9.158100 10.776307 59.539465 59.899712 60.364777 60.932261 61.599331 90.068920 91.792651 93.553590 95.349677 97.178963 61.448511 63.961078 66.475729 68.992238 71.510408 
27.934757 95.133773 99.575081 134.852812 10.160000 7.620000 5.080000 2.540000 0.000000 2.540000 5.080000 12.700000 10.776307 9.158100 8.032185 7.620000 8.032185 9.158100 57.018933 57.395003 57.880196 58.471798 59.166616 88.202151 89.961657 91.757743 93.588301 95.451349 61.120295 63.645820 66.172453 68.700072 71.228571 
29.616571 95.641129 97.096794 133.033348 12.700000 10.160000 7.620000 5.080000 2.540000 0.000000 2.540000 14.810618 12.700000 10.776307 9.158100 8.032185 7.620000 8.032185 54.500208 54.893536 55.400642 56.018436 56.743303 86.369739 88.165822 89.997754 91.863390 93.760718 60.896342 63.430785 65.965655 68.500905 71.036494 
31.413932 96.212885 94.621780 131.237820 15.240000 12.700000 10.160000 7.620000 5.080000 2.540000 0.000000 17.038838 14.810618 12.700000 10.776307 9.158100 8.032185 7.620000 51.983554 52.395778 52.926821 53.573150 54.330651 84.573916 86.407336 88.275768 90.177036 92.109108 60.777807 63.316994 65.856244 68.395550 70.934905 
30.143017 86.174739 111.266561 137.469021 7.620000 8.032185 9.158100 10.776307 12.700000 14.810618 17.038838 0.000000 2.540000 5.080000 7.620000 10.160000 12.700000 15.240000 66.723841 66.756191 66.885053 67.109870 67.429684 91.242427 92.735922 94.274202 95.855111 97.476574 55.732803 58.159571 60.595621 63.039876 65.491419 
30.883318 86.436471 108.817395 135.494316 8.032185 7.620000 8.032185 9.158100 10.776307 12.700000 14.810618 2.540000 0.000000 2.540000 5.080000 7.620000 10.160000 12.700000 64.183894 64.217523 64.351468 64.585106 64.917359 89.183406 90.710808 92.282851 93.897294 95.551986 55.020057 57.476926 59.940725 62.410635 64.885956 
31.809753 86.771796 106.372490 133.538724 9.158100 8.032185 7.620000 8.032185 9.158100 10.776307 12.700000 5.080000 2.540000 0.000000 2.540000 5.080000 7.620000 10.160000 61.643950 61.678964 61.818410 62.061585 62.407275 87.149771 88.712194 90.319031 91.967953 93.656739 54.416644 56.899574 59.387331 61.879333 64.375086 
32.906605 87.179865 103.932145 131.603096 10.776307 9.158100 8.032185 7.620000 8.032185 9.158100 10.776307 7.620000 5.080000 2.540000 0.000000 2.540000 5.080000 7.620000 59.104012 59.140529 59.285947 59.539465 59.899712 85.143341 86.741912 88.384576 90.068920 91.792651 53.926235 56.430747 58.938296 61.448511 63.961078 
34.157460 87.659662 101.496691 129.688328 12.700000 10.776307 9.158100 8.032185 7.620000 8.032185 9.158100 10.160000 7.620000 5.080000 2.540000 0.000000 2.540000 5.080000 56.564079 56.602235 56.754156 57.018933 57.395003 83.166085 84.801936 86.481457 88.202151 89.961657 53.551935 56.073167 58.596021 61.120295 63.645820 
35.546065 88.210016 99.066487 127.795356 14.810618 12.700000 10.776307 9.158100 8.032185 7.620000 8.032185 12.700000 10.160000 7.620000 5.080000 2.540000 0.000000 2.540000 54.024152 54.064101 54.223134 54.500208 54.893536 81.220133 82.894395 84.611788 86.369739 88.165822 53.296190 55.828973 58.362383 60.896342 63.430785 
37.056937 88.829616 96.641931 125.925164 17.038838 14.810618 12.700000 10.776307 9.158100 8.032185 7.620000 15.240000 12.700000 10.160000 7.620000 5.080000 2.540000 0.000000 51.484233 51.526151 51.692992 51.983554 52.395778 79.307790 81.021579 82.777836 84.573916 86.407336 53.160711 55.699654 58.238690 60.777807 63.316994 
79.708622 113.875139 49.788865 95.357296 67.109870 64.585106 62.061585 59.539465 57.018933 54.500208 51.983554 66.723841 64.183894 61.643950 59.104012 56.564079 54.024152 51.484233 0.000000 2.540000 5.080000 7.620000 10.160000 53.789454 56.304615 58.821911 61.341079 63.861896 73.210370 75.088496 77.004606 78.955935 80.939935 
80.659352 111.963449 51.297151 93.066001 67.429684 64.917359 62.407275 59.899712 57.395003 54.893536 52.395778 66.756191 64.217523 61.678964 59.140529 56.602235 54.064101 51.526151 2.540000 0.000000 2.540000 5.080000 7.620000 51.276742 53.789454 56.304615 58.821911 61.341079 71.373227 73.210370 75.088496 77.004606 78.955935 
81.678031 110.077171 52.884474 90.787942 67.843151 65.346724 62.853789 60.364777 57.880196 55.400642 52.926821 66.885053 64.351468 61.818410 59.285947 56.754156 54.223134 51.692992 5.080000 2.540000 0.000000 2.540000 5.080000 48.766858 51.276742 53.789454 56.304615 58.821911 69.580314 71.373227 73.210370 75.088496 77.004606 
82.762152 108.217636 54.543933 88.524140 68.348571 65.871302 63.398997 60.932261 58.471798 56.018436 53.573150 67.109870 64.585106 62.061585 59.539465 57.018933 54.500208 51.983554 7.620000 5.080000 2.540000 0.000000 2.540000 46.260260 48.766858 51.276742 53.789454 56.304615 67.835137 69.580314 71.373227 73.210370 75.088496 
83.909178 106.386244 56.269146 86.275719 68.943922 66.488838 64.040378 61.599331 59.166616 56.743303 54.330651 67.429684 64.917359 62.407275 59.899712 57.395003 54.893536 52.395778 10.160000 7.620000 5.080000 2.540000 0.000000 43.757516 46.260260 48.766858 51.276742 53.789454 66.141474 67.835137 69.580314 71.373227 73.210370 
115.969146 88.419566 88.365633 46.665427 95.855111 93.897294 91.967953 90.068920 88.202151 86.369739 84.573916 91.242427 89.183406 87.149771 85.143341 83.166085 81.220133 79.307790 53.789454 51.276742 48.766858 46.260260 43.757516 0.000000 2.540000 5.080000 7.620000 10.160000 57.591784 57.661814 57.843403 58.135504 58.536464 
117.778445 87.502794 90.727088 44.904136 97.476574 95.551986 93.656739 91.792651 89.961657 88.165822 86.407336 92.735922 90.710808 88.712194 86.741912 84.801936 82.894395 81.021579 56.304615 53.789454 51.276742 48.766858 46.260260 2.540000 0.000000 2.540000 5.080000 7.620000 57.633719 57.591784 57.661814 57.843403 58.135504 
119.614316 86.650803 93.097943 43.220411 99.136603 97.244874 95.383271 93.553590 91.757743 89.997754 88.275768 94.274202 92.282851 90.319031 88.384576 86.481457 84.611788 82.777836 58.821911 56.304615 53.789454 51.276742 48.766858 5.080000 2.540000 0.000000 2.540000 5.080000 57.787376 57.633719 57.591784 57.661814 57.843403 
121.475555 85.865519 95.477499 41.623668 100.833292 98.973998 97.145535 95.349677 93.588301 91.863390 90.177036 95.855111 93.897294 91.967953 90.068920 88.202151 86.369739 84.573916 61.341079 58.821911 56.304615 53.789454 51.276742 7.620000 5.080000 2.540000 0.000000 2.540000 58.051866 57.787376 57.633719 57.591784 57.661814 
123.361012 85.148789 97.865120 40.124290 102.564822 100.737492 98.941624 97.178963 95.451349 93.760718 92.109108 97.476574 95.551986 93.656739 91.792651 89.961657 88.165822 86.407336 63.861896 61.341079 58.821911 56.304615 53.789454 10.160000 7.620000 5.080000 2.540000 0.000000 58.425686 58.051866 57.787376 57.633719 57.591784 
85.850687 40.818974 122.376020 96.289866 63.039876 62.410635 61.879333 61.448511 61.120295 60.896342 60.777807 55.732803 55.020057 54.416644 53.926235 53.551935 53.296190 53.160711 73.210370 71.373227 69.580314 67.835137 66.141474 57.591784 57.633719 57.787376 58.051866 58.425686 0.000000 2.540000 5.080000 7.620000 10.160000 
88.288615 38.814012 124.098466 95.457201 65.491419 64.885956 64.375086 63.961078 63.645820 63.430785 63.316994 58.159571 57.476926 56.899574 56.430747 56.073167 55.828973 55.699654 75.088496 73.210370 71.373227 69.580314 67.835137 57.661814 57.591784 57.633719 57.787376 58.051866 2.540000 0.000000 2.540000 5.080000 7.620000 
90.732142 36.875055 125.848605 94.685371 67.949460 67.366092 66.874172 66.475729 66.172453 65.965655 65.856244 60.595621 59.940725 59.387331 58.938296 58.596021 58.362383 58.238690 77.004606 75.088496 73.210370 71.373227 69.580314 57.843403 57.661814 57.591784 57.633719 57.787376 5.080000 2.540000 0.000000 2.540000 5.080000 
93.180829 35.013070 127.625298 93.975874 70.413319 69.850532 69.376230 68.992238 68.700072 68.500905 68.395550 63.039876 62.410635 61.879333 61.448511 61.120295 60.896342 60.777807 78.955935 77.004606 75.088496 73.210370 71.373227 58.135504 57.843403 57.661814 57.591784 57.633719 7.620000 5.080000 2.540000 0.000000 2.540000 
95.634280 33.240993 129.427452 93.330131 72.882405 72.338830 71.880949 71.510408 71.228571 71.036494 70.934905 65.491419 64.885956 64.375086 63.961078 63.645820 63.430785 63.316994 80.939935 78.955935 77.004606 75.088496 73.210370 58.536464 58.135504 57.843403 57.661814 57.591784 10.160000 7.620000 5.080000 2.540000 0.000000 
