22
# Circuit board instance
Size: medium
Nodes: 22
0.000000 65.000000 65.000000 91.923882 59.505620 60.988516 62.539447 64.153480 65.825974 55.495230 56.278495 57.079272 57.896833 59.602499 60.332465 61.080116 61.844811 17.298472 17.552661 18.161991 19.092489 20.300038 
65.000000 0.000000 91.923882 65.000000 57.952520 56.630157 55.392762 54.246149 53.196189 39.826073 40.910445 42.005224 43.109615 37.395901 38.548695 39.708641 40.875129 66.802960 64.352888 61.910066 59.475385 57.049889 
65.000000 91.923882 0.000000 65.000000 37.530653 39.840057 42.175982 44.534257 46.911511 53.911442 53.187330 52.483962 51.802185 58.130723 57.459807 56.809362 56.180101 47.710373 47.803122 48.030204 48.389727 48.878770 
91.923882 65.000000 65.000000 0.000000 35.016077 32.781181 30.593940 28.465343 26.409573 37.587753 36.541587 35.510025 34.494375 35.002521 33.876613 32.761245 31.657531 80.247605 78.219798 76.222692 74.258764 72.330716 
59.505620 57.952520 37.530653 35.016077 0.000000 2.540000 5.080000 7.620000 10.160000 18.133683 17.092856 16.084986 15.116667 21.380146 20.504777 19.672492 18.888986 46.008385 44.197304 42.460983 40.808966 39.251899 
60.988516 56.630157 39.840057 32.781181 2.540000 0.000000 2.540000 5.080000 7.620000 16.853640 15.728332 14.626739 13.554643 19.660085 18.704390 17.788065 16.917509 47.885743 46.008385 44.197304 42.460983 40.808966 
62.539447 55.392762 42.175982 30.593940 5.080000 2.540000 0.000000 2.540000 5.080000 15.879644 14.679862 13.492939 12.322591 18.133683 17.092856 16.084986 15.116667 49.821889 47.885743 46.008385 44.197304 42.460983 
64.153480 54.246149 44.534257 28.465343 7.620000 5.080000 2.540000 0.000000 2.540000 15.270370 14.018540 12.770298 11.526811 16.853640 15.728332 14.626739 13.554643 51.810230 49.821889 47.885743 46.008385 44.197304 
65.825974 53.196189 46.911511 26.409573 10.160000 7.620000 5.080000 2.540000 0.000000 15.070120 13.800137 12.530157 11.260182 15.879644 14.679862 13.492939 12.322591 53.844986 51.810230 49.821889 47.885743 46.008385 
55.495230 39.826073 53.911442 37.587753 18.133683 16.853640 15.879644 15.270370 15.070120 0.000000 1.270000 2.540000 3.810000 5.080000 5.236344 5.679613 6.350000 46.553116 44.188074 41.843547 39.523185 37.231507 
56.278495 40.910445 53.187330 36.541587 17.092856 15.728332 14.679862 14.018540 13.800137 1.270000 0.000000 1.270000 2.540000 5.236344 5.080000 5.236344 5.679613 47.019351 44.678997 42.361649 40.071299 37.812854 
57.079272 42.005224 52.483962 35.510025 16.084986 14.626739 13.492939 12.770298 12.530157 2.540000 1.270000 0.000000 1.270000 5.679613 5.236344 5.080000 5.236344 47.514966 45.200281 42.911093 40.651712 38.427394 
57.896833 43.109615 51.802185 34.494375 15.116667 13.554643 12.322591 11.526811 11.260182 3.810000 2.540000 1.270000 0.000000 6.350000 5.679613 5.236344 5.080000 48.039052 45.750889 43.490693 41.263060 39.073559 
59.602499 37.395901 58.130723 35.002521 21.380146 19.660085 18.133683 16.853640 15.879644 5.080000 5.236344 5.679613 6.350000 0.000000 1.270000 2.540000 3.810000 51.333376 48.935697 46.553116 44.188074 41.843547 
60.332465 38.548695 57.459807 33.876613 20.504777 18.704390 17.092856 15.728332 14.679862 5.236344 5.080000 5.236344 5.679613 1.270000 0.000000 1.270000 2.540000 51.756568 49.379442 47.019351 44.678997 42.361649 
61.080116 39.708641 56.809362 32.761245 19.672492 17.788065 16.084986 14.626739 13.492939 5.679613 5.236344 5.080000 5.236344 2.540000 1.270000 0.000000 1.270000 52.207231 49.851599 47.514966 45.200281 42.911093 
61.844811 40.875129 56.180101 31.657531 18.888986 16.917509 15.116667 13.554643 12.322591 6.350000 5.679613 5.236344 5.080000 3.810000 2.540000 1.270000 0.000000 52.684660 50.351369 48.039052 45.750889 43.490693 
17.298472 66.802960 47.710373 80.247605 46.008385 47.885743 49.821889 51.810230 53.844986 46.553116 47.019351 47.514966 48.039052 51.333376 51.756568 52.207231 52.684660 0.000000 2.540000 5.080000 7.620000 10.160000 
17.552661 64.352888 47.803122 78.219798 44.197304 46.008385 47.885743 49.821889 51.810230 44.188074 44.678997 45.200281 45.750889 48.935697 49.379442 49.851599 50.351369 2.540000 0.000000 2.540000 5.080000 7.620000 
18.161991 61.910066 48.030204 76.222692 42.460983 44.197304 46.008385 47.885743 49.821889 41.843547 42.361649 42.911093 43.490693 46.553116 47.019351 47.514966 48.039052 5.080000 2.540000 0.000000 2.540000 5.080000 
19.092489 59.475385 48.389727 74.258764 40.808966 42.460983 44.197304 46.008385 47.885743 39.523185 40.071299 40.651712 41.263060 44.188074 44.678997 45.200281 45.750889 7.620000 5.080000 2.540000 0.000000 2.540000 
20.300038 57.049889 48.878770 72.330716 39.251899 40.808966 42.460983 44.197304 46.008385 37.231507 37.812854 38.427394 39.073559 41.843547 42.361649 42.911093 43.490693 10.160000 7.620000 5.080000 2.540000 0.000000 
