28
# Circuit board instance
Size: medium
Nodes: 28
0.000000 90.000000 90.000000 127.279221 69.073387 70.212325 71.355688 72.503267 71.484115 72.585236 73.691791 74.803540 85.472605 86.423496 87.382498 88.349346 88.939292 89.853504 90.776277 91.707352 71.664351 71.762821 71.883597 72.026567 76.733134 76.825107 76.937936 77.071531 
90.000000 0.000000 127.279221 90.000000 85.587135 86.508933 87.439460 88.378439 82.155971 83.115831 84.083916 85.059946 71.769009 72.898869 74.033272 75.172012 69.577454 70.742325 71.910756 73.082575 19.149351 19.514632 19.954194 20.463252 14.300077 14.785649 15.361134 16.016843 
90.000000 127.279221 0.000000 90.000000 41.753813 40.907441 40.083443 39.283226 45.631423 44.858273 44.108143 43.382228 62.741379 62.220054 61.720462 61.243134 67.387775 66.902665 66.438294 65.995098 111.127048 110.157814 109.194748 108.238015 114.461415 113.520653 112.586356 111.658687 
127.279221 90.000000 90.000000 0.000000 65.554601 65.018794 64.503545 64.009349 61.006980 60.430865 59.876148 59.343429 42.210249 41.431383 40.677264 39.949291 38.365826 37.507213 36.672487 35.863314 87.063995 85.823438 84.583754 83.344984 86.127428 84.873182 83.619412 82.366139 
69.073387 85.587135 41.753813 65.554601 0.000000 1.270000 2.540000 3.810000 5.080000 5.236344 5.679613 6.350000 26.228642 26.350924 26.533497 26.775130 31.297503 31.400051 31.553423 31.756883 69.944849 68.915747 67.894802 66.882390 73.016689 72.031488 71.055325 70.088581 
70.212325 86.508933 40.907441 65.018794 1.270000 0.000000 1.270000 2.540000 5.236344 5.080000 5.236344 5.679613 26.167499 26.228642 26.350924 26.533497 31.246280 31.297503 31.400051 31.553423 70.981754 69.944849 68.915747 67.894802 74.010570 73.016689 72.031488 71.055325 
71.355688 87.439460 40.083443 64.503545 2.540000 1.270000 0.000000 1.270000 5.679613 5.236344 5.080000 5.236344 26.167921 26.167499 26.228642 26.350924 31.246634 31.246280 31.297503 31.400051 72.026125 70.981754 69.944849 68.915747 75.012784 74.010570 73.016689 72.031488 
72.503267 88.378439 39.283226 64.009349 3.810000 2.540000 1.270000 0.000000 6.350000 5.679613 5.236344 5.080000 26.229906 26.167921 26.167499 26.228642 31.298562 31.246634 31.246280 31.297503 73.077642 72.026125 70.981754 69.944849 76.023002 75.012784 74.010570 73.016689 
71.484115 82.155971 45.631423 61.006980 5.080000 5.236344 5.679613 6.350000 0.000000 1.270000 2.540000 3.810000 21.165123 21.316471 21.541756 21.838689 26.228642 26.350924 26.533497 26.775130 67.117357 66.044211 64.978165 63.919573 69.944849 68.915747 67.894802 66.882390 
72.585236 83.115831 44.858273 60.430865 5.236344 5.080000 5.236344 5.679613 1.270000 0.000000 1.270000 2.540000 21.089304 21.165123 21.316471 21.541756 26.167499 26.228642 26.350924 26.533497 68.197266 67.117357 66.044211 64.978165 70.981754 69.944849 68.915747 67.894802 
73.691791 84.083916 44.108143 59.876148 5.679613 5.236344 5.080000 5.236344 2.540000 1.270000 0.000000 1.270000 21.089828 21.089304 21.165123 21.316471 26.167921 26.167499 26.228642 26.350924 69.283623 68.197266 67.117357 66.044211 72.026125 70.981754 69.944849 68.915747 
74.803540 85.059946 43.382228 59.343429 6.350000 5.679613 5.236344 5.080000 3.810000 2.540000 1.270000 0.000000 21.166690 21.089828 21.089304 21.165123 26.229906 26.167921 26.167499 26.228642 70.376129 69.283623 68.197266 67.117357 73.077642 72.026125 70.981754 69.944849 
85.472605 71.769009 62.741379 42.210249 26.228642 26.167499 26.167921 26.229906 21.165123 21.089304 21.089828 21.166690 0.000000 1.270000 2.540000 3.810000 5.080000 5.236344 5.679613 6.350000 60.559245 59.327092 58.096569 56.867781 61.974120 60.770661 59.569965 58.372202 
86.423496 72.898869 62.220054 41.431383 26.350924 26.228642 26.167499 26.167921 21.316471 21.165123 21.089304 21.089828 1.270000 0.000000 1.270000 2.540000 5.236344 5.080000 5.236344 5.679613 61.792930 60.559245 59.327092 58.096569 63.180184 61.974120 60.770661 59.569965 
87.382498 74.033272 61.720462 40.677264 26.533497 26.350924 26.228642 26.167499 21.541756 21.316471 21.165123 21.089304 2.540000 1.270000 0.000000 1.270000 5.679613 5.236344 5.080000 5.236344 63.028058 61.792930 60.559245 59.327092 64.388707 63.180184 61.974120 60.770661 
88.349346 75.172012 61.243134 39.949291 26.775130 26.533497 26.350924 26.228642 21.838689 21.541756 21.316471 21.165123 3.810000 2.540000 1.270000 0.000000 6.350000 5.679613 5.236344 5.080000 64.264546 63.028058 61.792930 60.559245 65.599553 64.388707 63.180184 61.974120 
88.939292 69.577454 67.387775 38.365826 31.297503 31.246280 31.246634 31.298562 26.228642 26.167499 26.167921 26.229906 5.080000 5.236344 5.679613 6.350000 0.000000 1.270000 2.540000 3.810000 59.545491 58.291913 57.039062 55.786987 60.559245 59.327092 58.096569 56.867781 
89.853504 70.742325 66.902665 37.507213 31.400051 31.297503 31.246280 31.246634 26.350924 26.228642 26.167499 26.167921 5.236344 5.080000 5.236344 5.679613 1.270000 0.000000 1.270000 2.540000 60.799750 59.545491 58.291913 57.039062 61.792930 60.559245 59.327092 58.096569 
90.776277 71.910756 66.438294 36.672487 31.553423 31.400051 31.297503 31.246280 26.533497 26.350924 26.228642 26.167499 5.679613 5.236344 5.080000 5.236344 2.540000 1.270000 0.000000 1.270000 62.054649 60.799750 59.545491 58.291913 63.028058 61.792930 60.559245 59.327092 
91.707352 73.082575 65.995098 35.863314 31.756883 31.553423 31.400051 31.297503 26.775130 26.533497 26.350924 26.228642 6.350000 5.679613 5.236344 5.080000 3.810000 2.540000 1.270000 0.000000 63.310151 62.054649 60.799750 59.545491 64.264546 63.028058 61.792930 60.559245 
71.664351 19.149351 111.127048 87.063995 69.944849 70.981754 72.026125 73.077642 67.117357 68.197266 69.283623 70.376129 60.559245 61.792930 63.028058 64.264546 59.545491 60.799750 62.054649 63.310151 0.000000 1.270000 2.540000 3.810000 5.080000 5.236344 5.679613 6.350000 
71.762821 19.514632 110.157814 85.823438 68.915747 69.944849 70.981754 72.026125 66.044211 67.117357 68.197266 69.283623 59.327092 60.559245 61.792930 63.028058 58.291913 59.545491 60.799750 62.054649 1.270000 0.000000 1.270000 2.540000 5.236344 5.080000 5.236344 5.679613 
71.883597 19.954194 109.194748 84.583754 67.894802 68.915747 69.944849 70.981754 64.978165 66.044211 67.117357 68.197266 58.096569 59.327092 60.559245 61.792930 57.039062 58.291913 59.545491 60.799750 2.540000 1.270000 0.000000 1.270000 5.679613 5.236344 5.080000 5.236344 
72.026567 20.463252 108.238015 83.344984 66.882390 67.894802 68.915747 69.944849 63.919573 64.978165 66.044211 67.117357 56.867781 58.096569 59.327092 60.559245 55.786987 57.039062 58.291913 59.545491 3.810000 2.540000 1.270000 0.000000 6.350000 5.679613 5.236344 5.080000 
76.733134 14.300077 114.461415 86.127428 73.016689 74.010570 75.012784 76.023002 69.944849 70.981754 72.026125 73.077642 61.974120 63.180184 64.388707 65.599553 60.559245 61.792930 63.028058 64.264546 5.080000 5.236344 5.679613 6.350000 0.000000 1.270000 2.540000 3.810000 
76.825107 14.785649 113.520653 84.873182 72.031488 73.016689 74.010570 75.012784 68.915747 69.944849 70.981754 72.026125 60.770661 61.974120 63.180184 64.388707 59.327092 60.559245 61.792930 63.028058 5.236344 5.080000 5.236344 5.679613 1.270000 0.000000 1.270000 2.540000 
76.937936 15.361134 112.586356 83.619412 71.055325 72.031488 73.016689 74.010570 67.894802 68.915747 69.944849 70.981754 59.569965 60.770661 61.974120 63.180184 58.096569 59.327092 60.559245 61.792930 5.679613 5.236344 5.080000 5.236344 2.540000 1.270000 0.000000 1.270000 
77.071531 16.016843 111.658687 82.366139 70.088581 71.055325 72.031488 73.016689 66.882390 67.894802 68.915747 69.944849 58.372202 59.569965 60.770661 61.974120 56.867781 58.096569 59.327092 60.559245 6.350000 5.679613 5.236344 5.080000 3.810000 2.540000 1.270000 0.000000 
