26
# Circuit board instance
Size: medium
Nodes: 26
0.000000 40.000000 40.000000 56.568542 23.389374 23.905952 24.477582 25.100504 28.147414 28.578114 29.057978 29.584614 21.859544 24.014877 26.239134 28.516192 30.834355 33.185011 35.561715 26.843545 28.626047 30.516035 32.494761 34.546979 36.660349 38.824887 
40.000000 0.000000 56.568542 40.000000 20.480312 21.068338 21.714796 22.414630 16.070385 16.813357 17.616653 18.472405 33.293146 34.746342 36.319225 37.996936 39.766210 41.615368 43.534234 27.231780 28.990421 30.858101 32.816207 34.849501 36.945570 39.094319 
40.000000 56.568542 0.000000 40.000000 37.793662 36.758572 35.738636 34.735189 40.909351 39.955058 39.018767 38.101804 24.947112 22.760340 20.654562 18.657223 16.807029 15.157958 13.782393 29.412491 27.582047 25.871745 24.306958 22.917515 21.737064 20.801216 
56.568542 40.000000 40.000000 0.000000 36.065791 34.979607 33.906200 32.846822 33.757301 32.594279 31.439537 30.294023 35.397067 33.891400 32.514687 31.283957 30.217051 29.331854 28.645214 29.767241 27.960030 26.274344 24.735040 23.371060 22.214723 21.299872 
23.389374 20.480312 37.793662 36.065791 0.000000 1.270000 2.540000 3.810000 5.080000 5.236344 5.679613 6.350000 13.215353 15.095783 17.147097 19.314927 21.564163 23.871803 26.222435 9.395226 11.895687 14.409984 16.931956 19.458618 21.988354 24.520212 
23.905952 21.068338 36.758572 34.979607 1.270000 0.000000 1.270000 2.540000 5.236344 5.080000 5.236344 5.679613 12.363888 14.129799 16.104033 18.218995 20.431027 22.711784 25.042497 8.154166 10.643116 13.151601 15.670242 18.194823 20.723172 23.254061 
24.477582 21.714796 35.738636 33.906200 2.540000 1.270000 0.000000 1.270000 5.679613 5.236344 5.080000 5.236344 11.589292 13.215353 15.095783 17.147097 19.314927 21.564163 23.871803 6.923611 9.395226 11.895687 14.409984 16.931956 19.458618 21.988354 
25.100504 22.414630 34.735189 32.846822 3.810000 2.540000 1.270000 0.000000 6.350000 5.679613 5.236344 5.080000 10.907953 12.363888 14.129799 16.104033 18.218995 20.431027 22.711784 5.710354 8.154166 10.643116 13.151601 15.670242 18.194823 20.723172 
28.147414 16.070385 40.909351 33.757301 5.080000 5.236344 5.679613 6.350000 0.000000 1.270000 2.540000 3.810000 17.226291 18.707811 20.399080 22.252325 24.230407 26.305181 28.455502 11.530421 13.645061 15.884835 18.203611 20.574697 22.981907 25.414978 
28.578114 16.813357 39.955058 32.594279 5.236344 5.080000 5.236344 5.679613 1.270000 0.000000 1.270000 2.540000 16.582076 17.937412 19.530474 21.308010 23.227707 25.257171 27.371996 10.543754 12.568064 14.752794 17.036338 19.383805 21.774531 24.195695 
29.057978 17.616653 39.018767 31.439537 5.679613 5.236344 5.080000 5.236344 2.540000 1.270000 0.000000 1.270000 16.012845 17.226291 18.707811 20.399080 22.252325 24.230407 26.305181 9.623758 11.530421 13.645061 15.884835 18.203611 20.574697 22.981907 
29.584614 18.472405 38.101804 30.294023 6.350000 5.679613 5.236344 5.080000 3.810000 2.540000 1.270000 0.000000 15.526847 16.582076 17.937412 19.530474 21.308010 23.227707 25.257171 8.791386 10.543754 12.568064 14.752794 17.036338 19.383805 21.774531 
21.859544 33.293146 24.947112 35.397067 13.215353 12.363888 11.589292 10.907953 17.226291 16.582076 16.012845 15.526847 0.000000 2.540000 5.080000 7.620000 10.160000 12.700000 15.240000 7.620000 8.032185 9.158100 10.776307 12.700000 14.810618 17.038838 
24.014877 34.746342 22.760340 33.891400 15.095783 14.129799 13.215353 12.363888 18.707811 17.937412 17.226291 16.582076 2.540000 0.000000 2.540000 5.080000 7.620000 10.160000 12.700000 8.032185 7.620000 8.032185 9.158100 10.776307 12.700000 14.810618 
26.239134 36.319225 20.654562 32.514687 17.147097 16.104033 15.095783 14.129799 20.399080 19.530474 18.707811 17.937412 5.080000 2.540000 0.000000 2.540000 5.080000 7.620000 10.160000 9.158100 8.032185 7.620000 8.032185 9.158100 10.776307 12.700000 
28.516192 37.996936 18.657223 31.283957 19.314927 18.218995 17.147097 16.104033 22.252325 21.308010 20.399080 19.530474 7.620000 5.080000 2.540000 0.000000 2.540000 5.080000 7.620000 10.776307 9.158100 8.032185 7.620000 8.032185 9.158100 10.776307 
30.834355 39.766210 16.807029 30.217051 21.564163 20.431027 19.314927 18.218995 24.230407 23.227707 22.252325 21.308010 10.160000 7.620000 5.080000 2.540000 0.000000 2.540000 5.080000 12.700000 10.776307 9.158100 8.032185 7.620000 8.032185 9.158100 
33.185011 41.615368 15.157958 29.331854 23.871803 22.711784 21.564163 20.431027 26.305181 25.257171 24.230407 23.227707 12.700000 10.160000 7.620000 5.080000 2.540000 0.000000 2.540000 14.810618 12.700000 10.776307 9.158100 8.032185 7.620000 8.032185 
35.561715 43.534234 13.782393 28.645214 26.222435 25.042497 23.871803 22.711784 28.455502 27.371996 26.305181 25.257171 15.240000 12.700000 10.160000 7.620000 5.080000 2.540000 0.000000 17.038838 14.810618 12.700000 10.776307 9.158100 8.032185 7.620000 
26.843545 27.231780 29.412491 29.767241 9.395226 8.154166 6.923611 5.710354 11.530421 10.543754 9.623758 8.791386 7.620000 8.032185 9.158100 10.776307 12.700000 14.810618 17.038838 0.000000 2.540000 5.080000 7.620000 10.160000 12.700000 15.240000 
28.626047 28.990421 27.582047 27.960030 11.895687 10.643116 9.395226 8.154166 13.645061 12.568064 11.530421 10.543754 8.032185 7.620000 8.032185 9.158100 10.776307 12.700000 14.810618 2.540000 0.000000 2.540000 5.080000 7.620000 10.160000 12.700000 
30.516035 30.858101 25.871745 26.274344 14.409984 13.151601 11.895687 10.643116 15.884835 14.752794 13.645061 12.568064 9.158100 8.032185 7.620000 8.032185 9.158100 10.776307 12.700000 5.080000 2.540000 0.000000 2.540000 5.080000 7.620000 10.160000 
32.494761 32.816207 24.306958 24.735040 16.931956 15.670242 14.409984 13.151601 18.203611 17.036338 15.884835 14.752794 10.776307 9.158100 8.032185 7.620000 8.032185 9.158100 10.776307 7.620000 5.080000 2.540000 0.000000 2.540000 5.080000 7.620000 
34.546979 34.849501 22.917515 23.371060 19.458618 18.194823 16.931956 15.670242 20.574697 19.383805 18.203611 17.036338 12.700000 10.776307 9.158100 8.032185 7.620000 8.032185 9.158100 10.160000 7.620000 5.080000 2.540000 0.000000 2.540000 5.080000 
36.660349 36.945570 21.737064 22.214723 21.988354 20.723172 19.458618 18.194823 22.981907 21.774531 20.574697 19.383805 14.810618 12.700000 10.776307 9.158100 8.032185 7.620000 8.032185 12.700000 10.160000 7.620000 5.080000 2.540000 0.000000 2.540000 
38.824887 39.094319 20.801216 21.299872 24.520212 23.254061 21.988354 20.723172 25.414978 24.195695 22.981907 21.774531 17.038838 14.810618 12.700000 10.776307 9.158100 8.032185 7.620000 15.240000 12.700000 10.160000 7.620000 5.080000 2.540000 0.000000 
