31
# Circuit board instance
Size: medium
Nodes: 31
0.000000 65.000000 65.000000 91.923882 37.232354 38.400671 39.575254 40.755561 39.530660 40.632948 41.744768 42.865379 47.962405 50.069766 52.215647 54.395491 56.605372 58.841908 61.102171 52.681455 54.607004 56.581068 58.598745 60.655681 62.748017 64.872327 53.103409 53.379750 53.774775 54.285895 54.909868 
65.000000 0.000000 91.923882 65.000000 60.696313 61.419914 62.161041 62.919075 56.569138 57.344841 58.137939 58.947730 54.491625 56.355358 58.270222 60.231340 62.234340 64.275307 66.350737 49.534641 51.577804 53.663416 55.786717 57.943564 60.130346 62.343915 80.355806 78.461972 76.605547 74.789316 73.016279 
65.000000 91.923882 0.000000 65.000000 34.223714 33.083621 31.953328 30.833912 36.710864 35.650398 34.604047 33.573130 37.466805 35.779193 34.197120 32.735892 31.412376 30.244658 29.251402 43.344030 41.893844 40.551036 39.326608 38.231935 37.278450 36.477226 12.907701 14.001225 15.439012 17.134616 19.019207 
91.923882 65.000000 65.000000 0.000000 58.898700 58.243628 57.609109 56.995828 54.635902 53.929075 53.243162 52.578982 45.526986 44.148563 42.876427 41.720301 40.690076 39.795531 39.045992 39.459472 37.860785 36.369375 34.998957 33.764268 32.680694 31.763705 61.674080 59.185452 56.701380 54.222490 51.749528 
37.232354 60.696313 34.223714 58.898700 0.000000 1.270000 2.540000 3.810000 5.080000 5.236344 5.679613 6.350000 13.582512 14.750350 16.234661 17.957138 19.855896 21.885100 24.011702 20.820670 21.600659 22.640227 23.905532 25.362813 26.980980 28.732864 21.399803 20.299455 19.470166 18.947561 18.757291 
38.400671 61.419914 33.083621 58.243628 1.270000 0.000000 1.270000 2.540000 5.236344 5.080000 5.236344 5.679613 13.144551 14.121467 15.458190 17.070402 18.887690 20.856515 22.937890 20.537646 21.176201 22.090072 23.246812 24.612202 26.153582 27.841740 20.295870 19.132136 18.249880 17.691264 17.487330 
39.575254 62.161041 31.953328 57.609109 2.540000 1.270000 0.000000 1.270000 5.679613 5.236344 5.080000 5.236344 12.817942 13.582512 14.750350 16.234661 17.957138 19.855896 21.885100 20.330157 20.820670 21.600659 22.640227 23.905532 25.362813 26.980980 19.212467 17.978742 17.036862 16.437073 16.217376 
40.755561 62.919075 30.833912 56.995828 3.810000 2.540000 1.270000 0.000000 6.350000 5.679613 5.236344 5.080000 12.611337 13.144551 14.121467 15.458190 17.070402 18.887690 20.856515 20.200532 20.537646 21.176201 22.090072 23.246812 24.612202 26.153582 18.153270 16.842135 15.832783 15.185510 14.947429 
39.530660 56.569138 36.710864 54.635902 5.080000 5.236344 5.679613 6.350000 0.000000 1.270000 2.540000 3.810000 9.109895 10.773968 12.730663 14.864871 17.110295 19.428412 21.796040 15.955772 16.960980 18.266533 19.813148 21.548982 23.432021 25.429586 24.257547 22.731882 21.399803 20.299455 19.470166 
40.632948 57.344841 35.650398 53.929075 5.236344 5.080000 5.236344 5.679613 1.270000 0.000000 1.270000 2.540000 8.443032 9.895524 11.724384 13.780573 15.976557 18.261976 20.607095 15.584648 16.416999 17.580035 19.013170 20.660272 22.474346 24.418207 23.289468 21.695834 20.295870 19.132136 18.249880 
41.744768 58.137939 34.604047 53.243162 5.679613 5.236344 5.080000 5.236344 2.540000 1.270000 0.000000 1.270000 7.924973 9.109895 10.773968 12.730663 14.864871 17.110295 19.428412 15.310181 15.955772 16.960980 18.266533 19.813148 21.548982 23.432021 22.351641 20.685883 19.212467 17.978742 17.036862 
42.865379 58.947730 33.573130 52.578982 6.350000 5.679613 5.236344 5.080000 3.810000 2.540000 1.270000 0.000000 7.586264 8.443032 9.895524 11.724384 13.780573 15.976557 18.261976 15.137630 15.584648 16.416999 17.580035 19.013170 20.660272 22.474346 21.448035 19.706043 18.153270 16.842135 15.832783 
47.962405 54.491625 37.466805 45.526986 13.582512 13.144551 12.817942 12.611337 9.109895 8.443032 7.924973 7.586264 0.000000 2.540000 5.080000 7.620000 10.160000 12.700000 15.240000 7.620000 8.032185 9.158100 10.776307 12.700000 14.810618 17.038838 26.531164 24.379675 22.310034 20.347234 18.525264 
50.069766 56.355358 35.779193 44.148563 14.750350 14.121467 13.582512 13.144551 10.773968 9.895524 9.109895 8.443032 2.540000 0.000000 2.540000 5.080000 7.620000 10.160000 12.700000 8.032185 7.620000 8.032185 9.158100 10.776307 12.700000 14.810618 25.331928 23.068863 20.869632 18.756701 16.762735 
52.215647 58.270222 34.197120 42.876427 16.234661 15.458190 14.750350 14.121467 12.730663 11.724384 10.773968 9.895524 5.080000 2.540000 0.000000 2.540000 5.080000 7.620000 10.160000 9.158100 8.032185 7.620000 8.032185 9.158100 10.776307 12.700000 24.339549 21.974520 19.653209 17.393128 15.221577 
54.395491 60.231340 32.735892 41.720301 17.957138 17.070402 16.234661 15.458190 14.864871 13.780573 12.730663 11.724384 7.620000 5.080000 2.540000 0.000000 2.540000 5.080000 7.620000 10.776307 9.158100 8.032185 7.620000 8.032185 9.158100 10.776307 23.580160 21.130306 18.704516 16.313528 13.975217 
56.605372 62.234340 31.412376 40.690076 19.855896 18.887690 17.957138 17.070402 17.110295 15.976557 14.864871 13.780573 10.160000 7.620000 5.080000 2.540000 0.000000 2.540000 5.080000 12.700000 10.776307 9.158100 8.032185 7.620000 8.032185 9.158100 23.076773 20.567045 18.065781 15.577057 13.108020 
58.841908 64.275307 30.244658 39.795531 21.885100 20.856515 19.855896 18.887690 19.428412 18.261976 17.110295 15.976557 12.700000 10.160000 7.620000 5.080000 2.540000 0.000000 2.540000 14.810618 12.700000 10.776307 9.158100 8.032185 7.620000 8.032185 22.846316 20.308127 17.770456 15.233562 12.697909 
61.102171 66.350737 29.251402 39.045992 24.011702 22.937890 21.885100 20.856515 21.796040 20.607095 19.428412 18.261976 15.240000 12.700000 10.160000 7.620000 5.080000 2.540000 0.000000 17.038838 14.810618 12.700000 10.776307 9.158100 8.032185 7.620000 22.897032 20.365165 17.835611 15.309517 12.788932 
52.681455 49.534641 43.344030 39.459472 20.820670 20.537646 20.330157 20.200532 15.955772 15.584648 15.310181 15.137630 7.620000 8.032185 9.158100 10.776307 12.700000 14.810618 17.038838 0.000000 2.540000 5.080000 7.620000 10.160000 12.700000 15.240000 33.315525 31.010974 28.746130 26.531164 24.379675 
54.607004 51.577804 41.893844 37.860785 21.600659 21.176201 20.820670 20.537646 16.960980 16.416999 15.955772 15.584648 8.032185 7.620000 8.032185 9.158100 10.776307 12.700000 14.810618 2.540000 0.000000 2.540000 5.080000 7.620000 10.160000 12.700000 32.368629 29.991406 27.643153 25.331928 23.068863 
56.581068 53.663416 40.551036 36.369375 22.640227 22.090072 21.600659 21.176201 18.266533 17.580035 16.960980 16.416999 9.158100 8.032185 7.620000 8.032185 9.158100 10.776307 12.700000 5.080000 2.540000 0.000000 2.540000 5.080000 7.620000 10.160000 31.598026 29.158044 26.736697 24.339549 21.974520 
58.598745 55.786717 39.326608 34.998957 23.905532 23.246812 22.640227 22.090072 19.813148 19.013170 18.266533 17.580035 10.776307 9.158100 8.032185 7.620000 8.032185 9.158100 10.776307 7.620000 5.080000 2.540000 0.000000 2.540000 5.080000 7.620000 31.016859 28.527212 26.047289 23.580160 21.130306 
60.655681 57.943564 38.231935 33.764268 25.362813 24.612202 23.905532 23.246812 21.548982 20.660272 19.813148 19.013170 12.700000 10.776307 9.158100 8.032185 7.620000 8.032185 9.158100 10.160000 7.620000 5.080000 2.540000 0.000000 2.540000 5.080000 30.635911 28.112547 25.592475 23.076773 20.567045 
62.748017 60.130346 37.278450 32.680694 26.980980 26.153582 25.362813 24.612202 23.432021 22.474346 21.548982 20.660272 14.810618 12.700000 10.776307 9.158100 8.032185 7.620000 8.032185 12.700000 10.160000 7.620000 5.080000 2.540000 0.000000 2.540000 30.462694 27.923682 25.384867 22.846316 20.308127 
64.872327 62.343915 36.477226 31.763705 28.732864 27.841740 26.980980 26.153582 25.429586 24.418207 23.432021 22.474346 17.038838 14.810618 12.700000 10.776307 9.158100 8.032185 7.620000 15.240000 12.700000 10.160000 7.620000 5.080000 2.540000 0.000000 30.500748 27.965191 25.430521 22.897032 20.365165 
53.103409 80.355806 12.907701 61.674080 21.399803 20.295870 19.212467 18.153270 24.257547 23.289468 22.351641 21.448035 26.531164 25.331928 24.339549 23.580160 23.076773 22.846316 22.897032 33.315525 32.368629 31.598026 31.016859 30.635911 30.462694 30.500748 0.000000 2.540000 5.080000 7.620000 10.160000 
53.379750 78.461972 14.001225 59.185452 20.299455 19.132136 17.978742 16.842135 22.731882 21.695834 20.685883 19.706043 24.379675 23.068863 21.974520 21.130306 20.567045 20.308127 20.365165 31.010974 29.991406 29.158044 28.527212 28.112547 27.923682 27.965191 2.540000 0.000000 2.540000 5.080000 7.620000 
53.774775 76.605547 15.439012 56.701380 19.470166 18.249880 17.036862 15.832783 21.399803 20.295870 19.212467 18.153270 22.310034 20.869632 19.653209 18.704516 18.065781 17.770456 17.835611 28.746130 27.643153 26.736697 26.047289 25.592475 25.384867 25.430521 5.080000 2.540000 0.000000 2.540000 5.080000 
54.285895 74.789316 17.134616 54.222490 18.947561 17.691264 16.437073 15.185510 20.299455 19.132136 17.978742 16.842135 20.347234 18.756701 17.393128 16.313528 15.577057 15.233562 15.309517 26.531164 25.331928 24.339549 23.580160 23.076773 22.846316 22.897032 7.620000 5.080000 2.540000 0.000000 2.540000 
54.909868 73.016279 19.019207 51.749528 18.757291 17.487330 16.217376 14.947429 19.470166 18.249880 17.036862 15.832783 18.525264 16.762735 15.221577 13.975217 13.108020 12.697909 12.788932 24.379675 23.068863 21.974520 21.130306 20.567045 20.308127 20.365165 10.160000 7.620000 5.080000 2.540000 0.000000 
