34
# Circuit board instance
Size: medium
Nodes: 34
0.000000 90.000000 90.000000 127.279221 108.175949 109.140553 110.111355 111.088192 111.561327 112.496907 113.438989 114.387413 73.652782 76.157600 78.664674 81.173796 83.684780 86.197465 88.711706 75.313420 77.764766 80.221629 82.683517 85.149993 87.620670 90.095203 47.455681 48.684204 49.914804 51.147330 49.006462 50.197046 51.391432 52.589362 
90.000000 0.000000 127.279221 90.000000 84.142825 85.379384 86.616912 87.855366 83.123455 84.374955 85.627001 86.879567 106.248456 107.999918 109.782208 111.593850 113.433437 115.299632 117.191164 100.819211 102.663339 104.536654 106.437616 108.364771 110.316744 112.292243 90.327157 90.978599 91.643010 92.320112 85.989459 86.673509 87.370665 88.080615 
90.000000 127.279221 0.000000 90.000000 71.141181 71.007690 70.896701 70.808320 76.190298 76.065668 75.962069 75.879588 21.381126 19.370088 17.497178 15.811558 14.379246 13.282441 12.609004 26.543011 24.951537 23.527221 22.302113 21.310598 20.586455 20.158519 45.785748 44.562819 43.342597 42.125318 47.391206 46.210783 45.035235 43.864953 
127.279221 90.000000 90.000000 0.000000 20.953440 20.495633 20.107738 19.793864 16.387204 15.797620 15.291008 14.875849 79.505690 78.988623 78.550324 78.192120 77.915114 77.720174 77.607920 72.089761 71.519098 71.034726 70.638421 70.331670 70.115650 69.991200 89.461100 88.841423 88.235675 87.644145 85.079258 84.427426 83.789773 83.166627 
108.175949 84.142825 71.141181 20.953440 0.000000 1.270000 2.540000 3.810000 5.080000 5.236344 5.679613 6.350000 58.992810 58.646198 58.408086 58.279806 58.262083 58.355016 58.558080 51.482030 51.084482 50.810947 50.663434 50.643045 50.749933 50.983297 68.699993 68.042543 67.402612 66.780704 64.429755 63.728266 63.044559 62.379217 
109.140553 85.379384 71.007690 20.495633 1.270000 0.000000 1.270000 2.540000 5.236344 5.080000 5.236344 5.679613 59.206232 58.806047 58.513482 58.330158 58.257104 58.294736 58.442839 51.726450 51.267913 50.932066 50.721347 50.637317 50.680607 50.850892 69.374463 68.699993 68.042543 67.402612 65.148449 64.429755 63.728266 63.044559 
110.111355 86.616912 70.896701 20.107738 2.540000 1.270000 0.000000 1.270000 5.679613 5.236344 5.080000 5.236344 59.446026 58.992810 58.646198 58.408086 58.279806 58.262083 58.355016 52.000748 51.482030 51.084482 50.810947 50.663434 50.643045 50.749933 70.065463 69.374463 68.699993 68.042543 65.883787 65.148449 64.429755 63.728266 
111.088192 87.855366 70.808320 19.793864 3.810000 2.540000 1.270000 0.000000 6.350000 5.679613 5.236344 5.080000 59.711874 59.206232 58.806047 58.513482 58.330158 58.257104 58.294736 52.304451 51.726450 51.267913 50.932066 50.721347 50.637317 50.680607 70.772508 70.065463 69.374463 68.699993 66.635217 65.883787 65.148449 64.429755 
111.561327 83.123455 76.190298 16.387204 5.080000 5.236344 5.679613 6.350000 0.000000 1.270000 2.540000 3.810000 64.014341 63.695060 63.475891 63.357872 63.341570 63.427061 63.613937 56.485966 56.123874 55.875015 55.740905 55.722374 55.819536 56.031790 73.073918 72.456167 71.855554 71.272512 68.699993 68.042543 67.402612 66.780704 
112.496907 84.374955 76.065668 15.797620 5.236344 5.080000 5.236344 5.679613 1.270000 0.000000 1.270000 2.540000 64.211074 63.842269 63.572886 63.404191 63.336990 63.371605 63.507870 56.708823 56.290886 55.985180 55.793548 55.717168 55.756515 55.911342 73.708376 73.073918 72.456167 71.855554 69.374463 68.699993 68.042543 67.402612 
113.438989 85.627001 75.962069 15.291008 5.679613 5.236344 5.080000 5.236344 2.540000 1.270000 0.000000 1.270000 64.432245 64.014341 63.695060 63.475891 63.357872 63.341570 63.427061 56.959132 56.485966 56.123874 55.875015 55.740905 55.722374 55.819536 74.359113 73.708376 73.073918 72.456167 70.065463 69.374463 68.699993 68.042543 
114.387413 86.879567 75.879588 14.875849 6.350000 5.679613 5.236344 5.080000 3.810000 2.540000 1.270000 0.000000 64.677601 64.211074 63.842269 63.572886 63.404191 63.336990 63.371605 57.236532 56.708823 56.290886 55.985180 55.793548 55.717168 55.756515 75.025705 74.359113 73.708376 73.073918 70.772508 70.065463 69.374463 68.699993 
73.652782 106.248456 21.381126 79.505690 58.992810 59.206232 59.446026 59.711874 64.014341 64.211074 64.432245 64.677601 0.000000 2.540000 5.080000 7.620000 10.160000 12.700000 15.240000 7.620000 8.032185 9.158100 10.776307 12.700000 14.810618 17.038838 26.733691 25.463745 24.193803 22.923868 27.167486 25.918802 24.672295 23.428311 
76.157600 107.999918 19.370088 78.988623 58.646198 58.806047 58.992810 59.206232 63.695060 63.842269 64.014341 64.211074 2.540000 0.000000 2.540000 5.080000 7.620000 10.160000 12.700000 8.032185 7.620000 8.032185 9.158100 10.776307 12.700000 14.810618 29.273599 28.003643 26.733691 25.463745 29.670282 28.418059 27.167486 25.918802 
78.664674 109.782208 17.497178 78.550324 58.408086 58.513482 58.646198 58.806047 63.475891 63.572886 63.695060 63.842269 5.080000 2.540000 0.000000 2.540000 5.080000 7.620000 10.160000 9.158100 8.032185 7.620000 8.032185 9.158100 10.776307 12.700000 31.813521 30.543559 29.273599 28.003643 32.178909 30.923955 29.670282 28.418059 
81.173796 111.593850 15.811558 78.192120 58.279806 58.330158 58.408086 58.513482 63.357872 63.404191 63.475891 63.572886 7.620000 5.080000 2.540000 0.000000 2.540000 5.080000 7.620000 10.776307 9.158100 8.032185 7.620000 8.032185 9.158100 10.776307 34.353455 33.083487 31.813521 30.543559 34.692102 33.434999 32.178909 30.923955 
83.684780 113.433437 14.379246 77.915114 58.262083 58.257104 58.279806 58.330158 63.341570 63.336990 63.357872 63.404191 10.160000 7.620000 5.080000 2.540000 0.000000 2.540000 5.080000 12.700000 10.776307 9.158100 8.032185 7.620000 8.032185 9.158100 36.893398 35.623426 34.353455 33.083487 37.208935 35.950111 34.692102 33.434999 
86.197465 115.299632 13.282441 77.720174 58.355016 58.294736 58.262083 58.257104 63.427061 63.371605 63.341570 63.336990 12.700000 10.160000 7.620000 5.080000 2.540000 0.000000 2.540000 14.810618 12.700000 10.776307 9.158100 8.032185 7.620000 8.032185 39.433349 38.163373 36.893398 35.623426 39.728718 38.468494 37.208935 35.950111 
88.711706 117.191164 12.609004 77.607920 58.558080 58.442839 58.355016 58.294736 63.613937 63.507870 63.427061 63.371605 15.240000 12.700000 10.160000 7.620000 5.080000 2.540000 0.000000 17.038838 14.810618 12.700000 10.776307 9.158100 8.032185 7.620000 41.973305 40.703326 39.433349 38.163373 42.250921 40.989545 39.728718 38.468494 
75.313420 100.819211 26.543011 72.089761 51.482030 51.726450 52.000748 52.304451 56.485966 56.708823 56.959132 57.236532 7.620000 8.032185 9.158100 10.776307 12.700000 14.810618 17.038838 0.000000 2.540000 5.080000 7.620000 10.160000 12.700000 15.240000 27.863798 26.647763 25.437002 24.232307 26.876645 25.613787 24.351671 23.090421 
77.764766 102.663339 24.951537 71.519098 51.084482 51.267913 51.482030 51.726450 56.123874 56.290886 56.485966 56.708823 8.032185 7.620000 8.032185 9.158100 10.776307 12.700000 14.810618 2.540000 0.000000 2.540000 5.080000 7.620000 10.160000 12.700000 30.309150 29.084446 27.863798 26.647763 29.404207 28.140146 26.876645 25.613787 
80.221629 104.536654 23.527221 71.034726 50.810947 50.932066 51.084482 51.267913 55.875015 55.985180 56.123874 56.290886 9.158100 8.032185 7.620000 8.032185 9.158100 10.776307 12.700000 5.080000 2.540000 0.000000 2.540000 5.080000 7.620000 10.160000 32.768905 31.537437 30.309150 29.084446 31.933743 30.668759 29.404207 28.140146 
82.683517 106.437616 22.302113 70.638421 50.663434 50.721347 50.810947 50.932066 55.740905 55.793548 55.875015 55.985180 10.776307 9.158100 8.032185 7.620000 8.032185 9.158100 10.776307 7.620000 5.080000 2.540000 0.000000 2.540000 5.080000 7.620000 35.240046 34.003207 32.768905 31.537437 34.464818 33.199110 31.933743 30.668759 
85.149993 108.364771 21.310598 70.331670 50.643045 50.637317 50.663434 50.721347 55.722374 55.717168 55.740905 55.793548 12.700000 10.776307 9.158100 8.032185 7.620000 8.032185 9.158100 10.160000 7.620000 5.080000 2.540000 0.000000 2.540000 5.080000 37.720337 36.479164 35.240046 34.003207 36.997116 35.730830 34.464818 33.199110 
87.620670 110.316744 20.586455 70.115650 50.749933 50.680607 50.643045 50.637317 55.819536 55.756515 55.722374 55.717168 14.810618 12.700000 10.776307 9.158100 8.032185 7.620000 8.032185 12.700000 10.160000 7.620000 5.080000 2.540000 0.000000 2.540000 40.208083 38.963367 37.720337 36.479164 39.530403 38.263648 36.997116 35.730830 
90.095203 112.292243 20.158519 69.991200 50.983297 50.850892 50.749933 50.680607 56.031790 55.911342 55.819536 55.756515 17.038838 14.810618 12.700000 10.776307 9.158100 8.032185 7.620000 15.240000 12.700000 10.160000 7.620000 5.080000 2.540000 0.000000 42.701982 41.454333 40.208083 38.963367 42.064499 40.797359 39.530403 38.263648 
47.455681 90.327157 45.785748 89.461100 68.699993 69.374463 70.065463 70.772508 73.073918 73.708376 74.359113 75.025705 26.733691 29.273599 31.813521 34.353455 36.893398 39.433349 41.973305 27.863798 30.309150 32.768905 35.240046 37.720337 40.208083 42.701982 0.000000 1.270000 2.540000 3.810000 5.080000 5.236344 5.679613 6.350000 
48.684204 90.978599 44.562819 88.841423 68.042543 68.699993 69.374463 70.065463 72.456167 73.073918 73.708376 74.359113 25.463745 28.003643 30.543559 33.083487 35.623426 38.163373 40.703326 26.647763 29.084446 31.537437 34.003207 36.479164 38.963367 41.454333 1.270000 0.000000 1.270000 2.540000 5.236344 5.080000 5.236344 5.679613 
49.914804 91.643010 43.342597 88.235675 67.402612 68.042543 68.699993 69.374463 71.855554 72.456167 73.073918 73.708376 24.193803 26.733691 29.273599 31.813521 34.353455 36.893398 39.433349 25.437002 27.863798 30.309150 32.768905 35.240046 37.720337 40.208083 2.540000 1.270000 0.000000 1.270000 5.679613 5.236344 5.080000 5.236344 
51.147330 92.320112 42.125318 87.644145 66.780704 67.402612 68.042543 68.699993 71.272512 71.855554 72.456167 73.073918 22.923868 25.463745 28.003643 30.543559 33.083487 35.623426 38.163373 24.232307 26.647763 29.084446 31.537437 34.003207 36.479164 38.963367 3.810000 2.540000 1.270000 0.000000 6.350000 5.679613 5.236344 5.080000 
49.006462 85.989459 47.391206 85.079258 64.429755 65.148449 65.883787 66.635217 68.699993 69.374463 70.065463 70.772508 27.167486 29.670282 32.178909 34.692102 37.208935 39.728718 42.250921 26.876645 29.404207 31.933743 34.464818 36.997116 39.530403 42.064499 5.080000 5.236344 5.679613 6.350000 0.000000 1.270000 2.540000 3.810000 
50.197046 86.673509 46.210783 84.427426 63.728266 64.429755 65.148449 65.883787 68.042543 68.699993 69.374463 70.065463 25.918802 28.418059 30.923955 33.434999 35.950111 38.468494 40.989545 25.613787 28.140146 30.668759 33.199110 35.730830 38.263648 40.797359 5.236344 5.080000 5.236344 5.679613 1.270000 0.000000 1.270000 2.540000 
51.391432 87.370665 45.035235 83.789773 63.044559 63.728266 64.429755 65.148449 67.402612 68.042543 68.699993 69.374463 24.672295 27.167486 29.670282 32.178909 34.692102 37.208935 39.728718 24.351671 26.876645 29.404207 31.933743 34.464818 36.997116 39.530403 5.679613 5.236344 5.080000 5.236344 2.540000 1.270000 0.000000 1.270000 
52.589362 88.080615 43.864953 83.166627 62.379217 63.044559 63.728266 64.429755 66.780704 67.402612 68.042543 68.699993 23.428311 25.918802 28.418059 30.923955 33.434999 35.950111 38.468494 23.090421 25.613787 28.140146 30.668759 33.199110 35.730830 38.263648 6.350000 5.679613 5.236344 5.080000 3.810000 2.540000 1.270000 0.000000 
