28
# Circuit board instance
Size: medium
Nodes: 28
0.000000 90.000000 90.000000 127.279221 44.556231 47.092189 49.628561 52.165285 54.702314 57.239606 59.777128 45.636480 48.115537 50.600639 53.090937 55.585734 58.084449 60.586597 74.649942 75.724565 76.868127 78.077598 79.349964 50.871848 52.338310 53.884652 55.504197 57.190727 
90.000000 0.000000 127.279221 90.000000 98.083138 99.260861 100.488996 101.765717 103.089220 104.457727 105.869492 91.357170 92.620457 93.935451 95.300010 96.712037 98.169483 99.670356 90.417768 88.768061 87.161160 85.599475 84.085526 74.522587 72.441492 70.390530 68.372413 66.390137 
90.000000 127.279221 0.000000 90.000000 45.591941 43.056262 40.521123 37.986635 35.452935 32.920205 30.388690 46.648213 44.173208 41.706020 39.248122 36.801375 34.368162 31.951575 37.570957 39.663242 41.805167 43.989480 46.210171 55.730202 57.071965 58.493300 59.988552 61.552333 
127.279221 90.000000 90.000000 0.000000 98.557949 97.410912 96.317214 95.278689 94.297162 93.374430 92.512252 91.866751 90.635073 89.458573 88.339455 87.279926 86.282181 85.348388 63.358786 60.981404 58.617667 56.269292 53.938287 77.920000 75.932076 73.977951 72.060373 70.182339 
44.556231 98.083138 45.591941 98.557949 0.000000 2.540000 5.080000 7.620000 10.160000 12.700000 15.240000 7.620000 8.032185 9.158100 10.776307 12.700000 14.810618 17.038838 36.609321 38.583886 40.621340 42.712686 44.850385 26.047963 28.578455 31.110496 33.643737 36.177926 
47.092189 99.260861 43.056262 97.410912 2.540000 0.000000 2.540000 5.080000 7.620000 10.160000 12.700000 8.032185 7.620000 8.032185 9.158100 10.776307 12.700000 14.810618 35.023209 37.082328 39.197910 41.361291 43.565352 26.399423 28.899156 31.405352 33.916577 36.431792 
49.628561 100.488996 40.521123 96.317214 5.080000 2.540000 0.000000 2.540000 5.080000 7.620000 10.160000 9.158100 8.032185 7.620000 8.032185 9.158100 10.776307 12.700000 33.554601 35.698531 37.891453 40.125335 42.393702 26.986402 29.436331 31.900352 34.375435 36.859352 
52.165285 101.765717 37.986635 95.278689 7.620000 5.080000 2.540000 0.000000 2.540000 5.080000 7.620000 10.776307 9.158100 8.032185 7.620000 8.032185 9.158100 10.776307 32.219567 34.446689 36.714458 39.015788 41.345075 27.793982 30.178421 32.586378 35.012999 37.454658 
54.702314 103.089220 35.452935 94.297162 10.160000 7.620000 5.080000 2.540000 0.000000 2.540000 5.080000 12.700000 10.776307 9.158100 8.032185 7.620000 8.032185 9.158100 31.035350 33.341668 35.679741 38.043714 40.429045 28.803614 31.110768 33.451678 35.819727 38.209870 
57.239606 104.457727 32.920205 93.374430 12.700000 10.160000 7.620000 5.080000 2.540000 0.000000 2.540000 14.810618 12.700000 10.776307 9.158100 8.032185 7.620000 8.032185 30.019804 32.398495 34.799994 37.219885 39.654802 29.994902 32.216856 34.482760 36.784491 39.115727 
59.777128 105.869492 30.388690 92.512252 15.240000 12.700000 10.160000 7.620000 5.080000 2.540000 0.000000 17.038838 14.810618 12.700000 10.776307 9.158100 8.032185 7.620000 29.190537 31.631651 34.087218 36.554325 39.030785 31.347141 33.479471 35.665247 37.895223 40.162037 
45.636480 91.357170 46.648213 91.866751 7.620000 8.032185 9.158100 10.776307 12.700000 14.810618 17.038838 0.000000 2.540000 5.080000 7.620000 10.160000 12.700000 15.240000 31.180762 32.893832 34.708380 36.609321 38.583886 18.472155 20.993871 23.519522 26.047963 28.578455 
48.115537 92.620457 44.173208 90.635073 8.032185 7.620000 8.032185 9.158100 10.776307 12.700000 14.810618 2.540000 0.000000 2.540000 5.080000 7.620000 10.160000 12.700000 29.302266 31.118918 33.031115 35.023209 37.082328 18.964537 21.428387 23.908179 26.399423 28.899156 
50.600639 93.935451 41.706020 89.458573 9.158100 8.032185 7.620000 8.032185 9.158100 10.776307 12.700000 5.080000 2.540000 0.000000 2.540000 5.080000 7.620000 10.160000 27.530144 29.456291 31.469677 33.554601 35.698531 19.773468 22.147508 24.554784 26.986402 29.436331 
53.090937 95.300010 39.248122 88.339455 10.776307 9.158100 8.032185 7.620000 8.032185 9.158100 10.776307 7.620000 5.080000 2.540000 0.000000 2.540000 5.080000 7.620000 25.886253 27.926016 30.042134 32.219567 34.446689 20.862156 23.124698 25.439673 27.793982 30.178421 
55.585734 96.712037 36.801375 87.279926 12.700000 10.776307 9.158100 8.032185 7.620000 8.032185 9.158100 10.160000 7.620000 5.080000 2.540000 0.000000 2.540000 5.080000 24.396527 26.550985 28.768425 31.035350 33.341668 22.189464 24.328880 26.539022 28.803614 31.110768 
58.084449 98.169483 34.368162 86.282181 14.810618 12.700000 10.776307 9.158100 8.032185 7.620000 8.032185 12.700000 10.160000 7.620000 5.080000 2.540000 0.000000 2.540000 23.090825 25.356468 27.669802 30.019804 32.398495 23.715359 25.728201 27.827426 29.994902 32.216856 
60.586597 99.670356 31.951575 85.348388 17.038838 14.810618 12.700000 10.776307 9.158100 8.032185 7.620000 15.240000 12.700000 10.160000 7.620000 5.080000 2.540000 0.000000 22.001933 24.369024 26.767831 29.190537 31.631651 25.404083 27.292664 29.279938 31.347141 33.479471 
74.649942 90.417768 37.570957 63.358786 36.609321 35.023209 33.554601 32.219567 31.035350 30.019804 29.190537 31.180762 29.302266 27.530144 25.886253 24.396527 23.090825 22.001933 0.000000 2.540000 5.080000 7.620000 10.160000 26.072225 25.999430 26.174090 26.591329 27.240004 
75.724565 88.768061 39.663242 60.981404 38.583886 37.082328 35.698531 34.446689 33.341668 32.398495 31.631651 32.893832 31.118918 29.456291 27.926016 26.550985 25.356468 24.369024 2.540000 0.000000 2.540000 5.080000 7.620000 26.390429 26.072225 25.999430 26.174090 26.591329 
76.868127 87.161160 41.805167 58.617667 40.621340 39.197910 37.891453 36.714458 35.679741 34.799994 34.087218 34.708380 33.031115 31.469677 30.042134 28.768425 27.669802 26.767831 5.080000 2.540000 0.000000 2.540000 5.080000 26.945347 26.390429 26.072225 25.999430 26.174090 
78.077598 85.599475 43.989480 56.269292 42.712686 41.361291 40.125335 39.015788 38.043714 37.219885 36.554325 36.609321 35.023209 33.554601 32.219567 31.035350 30.019804 29.190537 7.620000 5.080000 2.540000 0.000000 2.540000 27.722769 26.945347 26.390429 26.072225 25.999430 
79.349964 84.085526 46.210171 53.938287 44.850385 43.565352 42.393702 41.345075 40.429045 39.654802 39.030785 38.583886 37.082328 35.698531 34.446689 33.341668 32.398495 31.631651 10.160000 7.620000 5.080000 2.540000 0.000000 28.704621 27.722769 26.945347 26.390429 26.072225 
50.871848 74.522587 55.730202 77.920000 26.047963 26.399423 26.986402 27.793982 28.803614 29.994902 31.347141 18.472155 18.964537 19.773468 20.862156 22.189464 23.715359 25.404083 26.072225 26.390429 26.945347 27.722769 28.704621 0.000000 2.540000 5.080000 7.620000 10.160000 
52.338310 72.441492 57.071965 75.932076 28.578455 28.899156 29.436331 30.178421 31.110768 32.216856 33.479471 20.993871 21.428387 22.147508 23.124698 24.328880 25.728201 27.292664 25.999430 26.072225 26.390429 26.945347 27.722769 2.540000 0.000000 2.540000 5.080000 7.620000 
53.884652 70.390530 58.493300 73.977951 31.110496 31.405352 31.900352 32.586378 33.451678 34.482760 35.665247 23.519522 23.908179 24.554784 25.439673 26.539022 27.827426 29.279938 26.174090 25.999430 26.072225 26.390429 26.945347 5.080000 2.540000 0.000000 2.540000 5.080000 
55.504197 68.372413 59.988552 72.060373 33.643737 33.916577 34.375435 35.012999 35.819727 36.784491 37.895223 26.047963 26.399423 26.986402 27.793982 28.803614 29.994902 31.347141 26.591329 26.174090 25.999430 26.072225 26.390429 7.620000 5.080000 2.540000 0.000000 2.540000 
57.190727 66.390137 61.552333 70.182339 36.177926 36.431792 36.859352 37.454658 38.209870 39.115727 40.162037 28.578455 28.899156 29.436331 30.178421 31.110768 32.216856 33.479471 27.240004 26.591329 26.174090 25.999430 26.072225 10.160000 7.620000 5.080000 2.540000 0.000000 
