28
# Circuit board instance
Size: medium
Nodes: 28
0.000000 65.000000 65.000000 91.923882 48.215971 49.496864 50.872414 52.335156 53.877991 14.905402 16.575459 18.445158 20.459840 22.580733 31.741411 34.200999 36.671552 39.150994 41.637736 44.130546 46.628449 34.509734 36.784683 39.092292 41.427103 43.784765 46.161777 48.555297 
65.000000 0.000000 91.923882 65.000000 59.261911 57.505945 55.810363 54.180834 52.623493 57.156386 54.673826 52.196794 49.726115 47.262786 64.523969 65.768790 67.086721 68.473540 69.925149 71.437599 73.007107 57.932263 59.315582 60.773618 62.301126 63.893122 65.544909 67.252080 
65.000000 91.923882 0.000000 65.000000 32.665468 34.528141 36.472666 38.486641 40.559719 53.948506 54.433594 55.031756 55.739352 56.552275 35.313671 32.848844 30.396397 27.959587 25.542891 23.152609 20.797848 37.821422 35.530988 33.276801 31.066752 28.910964 26.822525 24.818441 
91.923882 65.000000 65.000000 0.000000 47.478700 45.267943 43.093498 40.961148 38.877821 77.169442 75.349171 73.571568 71.839799 70.157260 66.354207 65.075894 63.873049 62.750011 61.711139 60.760750 59.903054 59.964034 58.546362 57.206389 55.949696 54.782016 53.709154 52.736898 
48.215971 59.261911 32.665468 47.478700 0.000000 2.540000 5.080000 7.620000 10.160000 33.548792 32.548243 31.719994 31.077824 30.633437 19.025632 17.604459 16.454862 15.636853 15.204048 15.189410 15.594117 13.756996 11.713122 9.901653 8.472982 7.644823 7.615669 8.393850 
49.496864 57.505945 34.528141 45.267943 2.540000 0.000000 2.540000 5.080000 7.620000 34.706741 33.548792 32.548243 31.719994 31.077824 21.103420 19.831708 18.818665 18.107756 17.735353 17.722805 18.070864 15.294606 13.485818 11.946245 10.791732 10.154476 10.132545 10.729714 
50.872414 55.810363 36.472666 43.093498 5.080000 2.540000 0.000000 2.540000 5.080000 36.006910 34.706741 33.548792 32.548243 31.719994 23.273100 22.126443 21.223218 20.595477 20.268833 20.257855 20.563049 17.073319 15.473866 14.152245 13.192222 12.676223 12.658662 13.141538 
52.335156 54.180834 38.486641 40.961148 7.620000 5.080000 2.540000 0.000000 2.540000 37.434482 36.006910 34.706741 33.548792 32.548243 25.511238 24.469686 23.656099 23.094582 22.803764 22.794006 23.065668 19.025632 17.604459 16.454862 15.636853 15.204048 15.189410 15.594117 
53.877991 52.623493 40.559719 38.877821 10.160000 7.620000 5.080000 2.540000 0.000000 38.975461 37.434482 36.006910 34.706741 33.548792 27.801304 26.848739 26.109391 25.601738 25.339710 25.330929 25.575658 21.103420 19.831708 18.818665 18.107756 17.735353 17.722805 18.070864 
14.905402 57.156386 53.948506 77.169442 33.548792 34.706741 36.006910 37.434482 38.975461 0.000000 2.540000 5.080000 7.620000 10.160000 18.855793 21.393491 23.931677 26.470211 29.009002 31.547987 34.087124 20.014391 22.421337 24.854780 27.307636 29.775109 32.253843 34.741430 
16.575459 54.673826 54.433594 75.349171 32.548243 33.548792 34.706741 36.006910 37.434482 2.540000 0.000000 2.540000 5.080000 7.620000 19.139898 21.644311 24.156157 26.673336 29.194468 31.718611 34.245099 19.304430 21.789941 24.286730 26.791643 29.302598 31.818164 34.337328 
18.445158 52.196794 55.031756 73.571568 31.719994 32.548243 33.548792 34.706741 36.006910 5.080000 2.540000 0.000000 2.540000 5.080000 19.749270 22.184999 24.641792 27.113923 29.597549 32.090002 34.589373 18.911620 21.442712 23.975688 26.510008 29.045320 31.581386 34.118037 
20.459840 49.726115 55.739352 71.839799 31.077824 31.719994 32.548243 33.548792 34.706741 7.620000 5.080000 2.540000 0.000000 2.540000 20.655141 22.995116 25.373590 27.780676 30.209536 32.655312 35.114469 18.855793 21.393491 23.931677 26.470211 29.009002 31.547987 34.087124 
22.580733 47.262786 56.552275 70.157260 30.633437 31.077824 31.719994 32.548243 33.548792 10.160000 7.620000 5.080000 2.540000 0.000000 21.820614 24.047447 26.331035 28.657815 31.018067 33.404697 35.812432 19.139898 21.644311 24.156157 26.673336 29.194468 31.718611 34.245099 
31.741411 64.523969 35.313671 66.354207 19.025632 21.103420 23.273100 25.511238 27.801304 18.855793 19.139898 19.749270 20.655141 21.820614 0.000000 2.540000 5.080000 7.620000 10.160000 12.700000 15.240000 7.620000 8.032185 9.158100 10.776307 12.700000 14.810618 17.038838 
34.200999 65.768790 32.848844 65.075894 17.604459 19.831708 22.126443 24.469686 26.848739 21.393491 21.644311 22.184999 22.995116 24.047447 2.540000 0.000000 2.540000 5.080000 7.620000 10.160000 12.700000 8.032185 7.620000 8.032185 9.158100 10.776307 12.700000 14.810618 
36.671552 67.086721 30.396397 63.873049 16.454862 18.818665 21.223218 23.656099 26.109391 23.931677 24.156157 24.641792 25.373590 26.331035 5.080000 2.540000 0.000000 2.540000 5.080000 7.620000 10.160000 9.158100 8.032185 7.620000 8.032185 9.158100 10.776307 12.700000 
39.150994 68.473540 27.959587 62.750011 15.636853 18.107756 20.595477 23.094582 25.601738 26.470211 26.673336 27.113923 27.780676 28.657815 7.620000 5.080000 2.540000 0.000000 2.540000 5.080000 7.620000 10.776307 9.158100 8.032185 7.620000 8.032185 9.158100 10.776307 
41.637736 69.925149 25.542891 61.711139 15.204048 17.735353 20.268833 22.803764 25.339710 29.009002 29.194468 29.597549 30.209536 31.018067 10.160000 7.620000 5.080000 2.540000 0.000000 2.540000 5.080000 12.700000 10.776307 9.158100 8.032185 7.620000 8.032185 9.158100 
44.130546 71.437599 23.152609 60.760750 15.189410 17.722805 20.257855 22.794006 25.330929 31.547987 31.718611 32.090002 32.655312 33.404697 12.700000 10.160000 7.620000 5.080000 2.540000 0.000000 2.540000 14.810618 12.700000 10.776307 9.158100 8.032185 7.620000 8.032185 
46.628449 73.007107 20.797848 59.903054 15.594117 18.070864 20.563049 23.065668 25.575658 34.087124 34.245099 34.589373 35.114469 35.812432 15.240000 12.700000 10.160000 7.620000 5.080000 2.540000 0.000000 17.038838 14.810618 12.700000 10.776307 9.158100 8.032185 7.620000 
34.509734 57.932263 37.821422 59.964034 13.756996 15.294606 17.073319 19.025632 21.103420 20.014391 19.304430 18.911620 18.855793 19.139898 7.620000 8.032185 9.158100 10.776307 12.700000 14.810618 17.038838 0.000000 2.540000 5.080000 7.620000 10.160000 12.700000 15.240000 
36.784683 59.315582 35.530988 58.546362 11.713122 13.485818 15.473866 17.604459 19.831708 22.421337 21.789941 21.442712 21.393491 21.644311 8.032185 7.620000 8.032185 9.158100 10.776307 12.700000 14.810618 2.540000 0.000000 2.540000 5.080000 7.620000 10.160000 12.700000 
39.092292 60.773618 33.276801 57.206389 9.901653 11.946245 14.152245 16.454862 18.818665 24.854780 24.286730 23.975688 23.931677 24.156157 9.158100 8.032185 7.620000 8.032185 9.158100 10.776307 12.700000 5.080000 2.540000 0.000000 2.540000 5.080000 7.620000 10.160000 
41.427103 62.301126 31.066752 55.949696 8.472982 10.791732 13.192222 15.636853 18.107756 27.307636 26.791643 26.510008 26.470211 26.673336 10.776307 9.158100 8.032185 7.620000 8.032185 9.158100 10.776307 7.620000 5.080000 2.540000 0.000000 2.540000 5.080000 7.620000 
43.784765 63.893122 28.910964 54.782016 7.644823 10.154476 12.676223 15.204048 17.735353 29.775109 29.302598 29.045320 29.009002 29.194468 12.700000 10.776307 9.158100 8.032185 7.620000 8.032185 9.158100 10.160000 7.620000 5.080000 2.540000 0.000000 2.540000 5.080000 
46.161777 65.544909 26.822525 53.709154 7.615669 10.132545 12.658662 15.189410 17.722805 32.253843 31.818164 31.581386 31.547987 31.718611 14.810618 12.700000 10.776307 9.158100 8.032185 7.620000 8.032185 12.700000 10.160000 7.620000 5.080000 2.540000 0.000000 2.540000 
48.555297 67.252080 24.818441 52.736898 8.393850 10.729714 13.141538 15.594117 18.070864 34.741430 34.337328 34.118037 34.087124 34.245099 17.038838 14.810618 12.700000 10.776307 9.158100 8.032185 7.620000 15.240000 12.700000 10.160000 7.620000 5.080000 2.540000 0.000000 
