22
# Circuit board instance
Size: medium
Nodes: 22
0.000000 65.000000 65.000000 91.923882 22.467708 23.627763 24.798593 25.978743 25.017453 26.064271 27.130155 28.212943 40.833099 42.954958 45.120041 47.322414 49.557108 67.023712 67.833049 68.726781 69.701660 70.754333 
65.000000 0.000000 91.923882 65.000000 59.252082 59.701612 60.174592 60.670474 54.511323 54.999614 55.512671 56.049812 38.830259 36.815424 34.869257 33.003907 31.233859 78.033372 76.603863 75.232969 73.923952 72.680154 
65.000000 91.923882 0.000000 65.000000 45.557958 44.315920 43.075513 41.836882 46.867927 45.661536 44.458687 43.259678 53.852169 55.478307 57.171079 58.924741 60.734019 20.244932 22.781613 25.318959 27.856789 30.394982 
91.923882 65.000000 65.000000 0.000000 71.284913 70.497604 69.724538 68.966195 67.395949 66.562656 65.743336 64.938518 52.349815 50.873270 49.483121 48.186845 46.992213 44.798287 42.259095 39.720006 37.181042 34.642230 
22.467708 59.252082 45.557958 71.284913 0.000000 1.270000 2.540000 3.810000 5.080000 5.236344 5.679613 6.350000 24.488920 27.015909 29.545129 32.076053 34.608306 44.815340 45.496428 46.307002 47.240398 48.289492 
23.627763 59.701612 44.315920 70.497604 1.270000 0.000000 1.270000 2.540000 5.236344 5.080000 5.236344 5.679613 24.386796 26.923371 29.460537 31.998152 34.536118 43.584122 44.284150 45.116510 46.074029 47.149083 
24.798593 60.174592 43.075513 69.724538 2.540000 1.270000 0.000000 1.270000 5.679613 5.236344 5.080000 5.236344 24.350569 26.890562 29.430556 31.970551 34.510547 42.355194 43.075199 43.930471 44.913283 46.015463 
25.978743 60.670474 41.836882 68.966195 3.810000 2.540000 1.270000 0.000000 6.350000 5.679613 5.236344 5.080000 24.380533 26.917699 29.455353 31.993380 34.531697 41.128762 41.869862 42.749256 43.758605 44.889146 
25.017453 54.511323 46.867927 67.395949 5.080000 5.236344 5.679613 6.350000 0.000000 1.270000 2.540000 3.810000 19.445117 21.964933 24.488920 27.015909 29.545129 43.864607 44.269714 44.815340 45.496428 46.307002 
26.064271 54.999614 45.661536 66.562656 5.236344 5.080000 5.236344 5.679613 1.270000 0.000000 1.270000 2.540000 19.316345 21.851016 24.386796 26.923371 29.460537 42.605924 43.022885 43.584122 44.284150 45.116510 
27.130155 55.512671 44.458687 65.743336 5.679613 5.236344 5.080000 5.236344 2.540000 1.270000 0.000000 1.270000 19.270589 21.810578 24.350569 26.890562 29.430556 41.347932 41.777451 42.355194 43.075199 43.930471 
28.212943 56.049812 43.259678 64.938518 6.350000 5.679613 5.236344 5.080000 3.810000 2.540000 1.270000 0.000000 19.308438 21.844027 24.380533 26.917699 29.455353 40.090699 40.533542 41.128762 41.869862 42.749256 
40.833099 38.830259 53.852169 52.349815 24.488920 24.386796 24.350569 24.380533 19.445117 19.316345 19.270589 19.308438 0.000000 2.540000 5.080000 7.620000 10.160000 43.059871 42.331575 41.745362 41.307280 41.022077 
42.954958 36.815424 55.478307 50.873270 27.015909 26.923371 26.890562 26.917699 21.964933 21.851016 21.810578 21.844027 2.540000 0.000000 2.540000 5.080000 7.620000 43.923182 43.059871 42.331575 41.745362 41.307280 
45.120041 34.869257 57.171079 49.483121 29.545129 29.460537 29.430556 29.455353 24.488920 24.386796 24.350569 24.380533 5.080000 2.540000 0.000000 2.540000 5.080000 44.913723 43.923182 43.059871 42.331575 41.745362 
47.322414 33.003907 58.924741 48.186845 32.076053 31.998152 31.970551 31.993380 27.015909 26.923371 26.890562 26.917699 7.620000 5.080000 2.540000 0.000000 2.540000 46.023281 44.913723 43.923182 43.059871 42.331575 
49.557108 31.233859 60.734019 46.992213 34.608306 34.536118 34.510547 34.531697 29.545129 29.460537 29.430556 29.455353 10.160000 7.620000 5.080000 2.540000 0.000000 47.243469 46.023281 44.913723 43.923182 43.059871 
67.023712 78.033372 20.244932 44.798287 44.815340 43.584122 42.355194 41.128762 43.864607 42.605924 41.347932 40.090699 43.059871 43.923182 44.913723 46.023281 47.243469 0.000000 2.540000 5.080000 7.620000 10.160000 
67.833049 76.603863 22.781613 42.259095 45.496428 44.284150 43.075199 41.869862 44.269714 43.022885 41.777451 40.533542 42.331575 43.059871 43.923182 44.913723 46.023281 2.540000 0.000000 2.540000 5.080000 7.620000 
68.726781 75.232969 25.318959 39.720006 46.307002 45.116510 43.930471 42.749256 44.815340 43.584122 42.355194 41.128762 41.745362 42.331575 43.059871 43.923182 44.913723 5.080000 2.540000 0.000000 2.540000 5.080000 
69.701660 73.923952 27.856789 37.181042 47.240398 46.074029 44.913283 43.758605 45.496428 44.284150 43.075199 41.869862 41.307280 41.745362 42.331575 43.059871 43.923182 7.620000 5.080000 2.540000 0.000000 2.540000 
70.754333 72.680154 30.394982 34.642230 48.289492 47.149083 46.015463 44.889146 46.307002 45.116510 43.930471 42.749256 41.022077 41.307280 41.745362 42.331575 43.059871 10.160000 7.620000 5.080000 2.540000 0.000000 
