34
# Circuit board instance
Size: medium
Nodes: 34
0.000000 65.000000 65.000000 91.923882 42.637994 42.859624 43.117536 43.411085 47.659427 47.857808 48.088921 48.352298 43.900901 45.559559 47.296520 49.103478 50.972987 52.898416 54.873880 50.014188 51.476240 53.019720 54.637729 56.323843 58.072131 59.877146 39.561529 40.813067 42.065712 43.319367 40.746528 41.962738 43.182045 44.404195 
65.000000 0.000000 91.923882 65.000000 23.906768 24.299843 24.751907 25.259796 19.093350 19.583278 20.141483 20.762460 41.834860 43.572237 45.385320 47.265399 49.204795 51.196766 53.235413 36.519658 38.497659 40.538342 42.632709 44.773225 46.953581 49.168476 70.018945 70.733617 71.463712 72.208764 65.859074 66.618387 67.393079 68.182627 
65.000000 91.923882 0.000000 65.000000 71.803408 70.778374 69.761399 68.752841 74.894271 73.912114 72.938845 71.974826 50.201135 48.356367 46.577094 44.871108 43.247083 41.714593 40.284085 55.626287 53.967287 52.378961 50.867929 49.441279 48.106519 46.871499 26.912143 25.685701 24.463706 23.246856 28.625659 27.475811 26.337005 25.210738 
91.923882 65.000000 65.000000 0.000000 62.524110 61.344219 60.167996 58.995662 60.846420 59.633343 58.422685 57.214601 48.404755 46.488758 44.635099 42.851870 41.148227 39.534462 38.022019 43.892485 41.770019 39.696624 37.680402 35.731030 33.860059 32.081207 63.732264 63.224152 62.737636 62.273224 59.131772 58.583772 58.058384 57.556228 
42.637994 23.906768 71.803408 62.524110 0.000000 1.270000 2.540000 3.810000 5.080000 5.236344 5.679613 6.350000 22.660028 25.043749 27.455511 29.888527 32.337998 34.800452 37.273315 21.123038 23.662106 26.201354 28.740735 31.280217 33.819777 36.359398 47.713167 48.577796 49.459923 50.358629 44.091895 45.026116 45.976439 46.941884 
42.859624 24.299843 70.778374 61.344219 1.270000 0.000000 1.270000 2.540000 5.236344 5.080000 5.236344 5.679613 21.481604 23.847856 26.246606 28.669699 31.111448 33.567781 36.035716 19.853593 22.392545 24.931711 27.471030 30.010465 32.549989 35.089581 46.867004 47.713167 48.577796 49.459923 43.174819 44.091895 45.026116 45.976439 
43.117536 24.751907 69.761399 60.167996 2.540000 1.270000 0.000000 1.270000 5.679613 5.236344 5.080000 5.236344 20.314220 22.660028 25.043749 27.455511 29.888527 32.337998 34.800452 18.584225 21.123038 23.662106 26.201354 28.740735 31.280217 33.819777 46.040327 46.867004 47.713167 48.577796 42.276006 43.174819 44.091895 45.026116 
43.411085 25.259796 68.752841 58.995662 3.810000 2.540000 1.270000 0.000000 6.350000 5.679613 5.236344 5.080000 19.159895 21.481604 23.847856 26.246606 28.669699 31.111448 33.567781 17.314949 19.853593 22.392545 24.931711 27.471030 30.010465 32.549989 45.234204 46.040327 46.867004 47.713167 41.396644 42.276006 43.174819 44.091895 
47.659427 19.093350 74.894271 60.846420 5.080000 5.236344 5.679613 6.350000 0.000000 1.270000 2.540000 3.810000 24.957076 27.139789 29.379991 31.665483 33.987128 36.338000 38.712772 21.866465 24.328066 26.804300 29.291457 31.786971 34.289020 36.796269 51.581103 52.381925 53.201014 54.037537 47.713167 48.577796 49.459923 50.358629 
47.857808 19.583278 73.912114 59.633343 5.236344 5.080000 5.236344 5.679613 1.270000 0.000000 1.270000 2.540000 23.892218 26.040334 28.253550 30.517707 32.822263 35.159276 37.522681 20.642789 23.095143 25.564619 28.046695 30.538297 33.037272 35.542063 50.799409 51.581103 52.381925 53.201014 46.867004 47.713167 48.577796 49.459923 
48.088921 20.141483 72.938845 58.422685 5.679613 5.236344 5.080000 5.236344 2.540000 1.270000 0.000000 1.270000 22.848333 24.957076 27.139789 29.379991 31.665483 33.987128 36.338000 19.425060 21.866465 24.328066 26.804300 29.291457 31.786971 34.289020 50.037742 50.799409 51.581103 52.381925 46.040327 46.867004 47.713167 48.577796 
48.352298 20.762460 71.974826 57.214601 6.350000 5.679613 5.236344 5.080000 3.810000 2.540000 1.270000 0.000000 21.828430 23.892218 26.040334 28.253550 30.517707 32.822263 35.159276 18.214473 20.642789 23.095143 25.564619 28.046695 30.538297 33.037272 49.297029 50.037742 50.799409 51.581103 45.234204 46.040327 46.867004 47.713167 
43.900901 41.834860 50.201135 48.404755 22.660028 21.481604 20.314220 19.159895 24.957076 23.892218 22.848333 21.828430 0.000000 2.540000 5.080000 7.620000 10.160000 12.700000 15.240000 7.620000 8.032185 9.158100 10.776307 12.700000 14.810618 17.038838 29.198827 29.701802 30.249766 30.840321 24.570161 25.165816 25.810262 26.499938 
45.559559 43.572237 48.356367 46.488758 25.043749 23.847856 22.660028 21.481604 27.139789 26.040334 24.957076 23.892218 2.540000 0.000000 2.540000 5.080000 7.620000 10.160000 12.700000 8.032185 7.620000 8.032185 9.158100 10.776307 12.700000 14.810618 28.337218 28.743204 29.198827 29.701802 23.539736 24.026924 24.570161 25.165816 
47.296520 45.385320 46.577094 44.635099 27.455511 26.246606 25.043749 23.847856 29.379991 28.253550 27.139789 26.040334 5.080000 2.540000 0.000000 2.540000 5.080000 7.620000 10.160000 9.158100 8.032185 7.620000 8.032185 9.158100 10.776307 12.700000 27.682621 27.983027 28.337218 28.743204 22.747501 23.112142 23.539736 24.026924 
49.103478 47.265399 44.871108 42.851870 29.888527 28.669699 27.455511 26.246606 31.665483 30.517707 29.379991 28.253550 7.620000 5.080000 2.540000 0.000000 2.540000 5.080000 7.620000 10.776307 9.158100 8.032185 7.620000 8.032185 9.158100 10.776307 27.249959 27.437766 27.682621 27.983027 22.218946 22.448881 22.747501 23.112142 
50.972987 49.204795 43.247083 41.148227 32.337998 31.111448 29.888527 28.669699 33.987128 32.822263 31.665483 30.517707 10.160000 7.620000 5.080000 2.540000 0.000000 2.540000 5.080000 12.700000 10.776307 9.158100 8.032185 7.620000 8.032185 9.158100 27.049885 27.120387 27.249959 27.437766 21.973110 22.059843 22.218946 22.448881 
52.898416 51.196766 41.714593 39.534462 34.800452 33.567781 32.337998 31.111448 36.338000 35.159276 33.987128 32.822263 12.700000 10.160000 7.620000 5.080000 2.540000 0.000000 2.540000 14.810618 12.700000 10.776307 9.158100 8.032185 7.620000 8.032185 27.087552 27.038916 27.049885 27.120387 22.019463 21.959605 21.973110 22.059843 
54.873880 53.235413 40.284085 38.022019 37.273315 36.035716 34.800452 33.567781 38.712772 37.522681 36.338000 35.159276 15.240000 12.700000 10.160000 7.620000 5.080000 2.540000 0.000000 17.038838 14.810618 12.700000 10.776307 9.158100 8.032185 7.620000 27.361978 27.195473 27.087552 27.038916 22.356188 22.152089 22.019463 21.959605 
50.014188 36.519658 55.626287 43.892485 21.123038 19.853593 18.584225 17.314949 21.866465 20.642789 19.425060 18.214473 7.620000 8.032185 9.158100 10.776307 12.700000 14.810618 17.038838 0.000000 2.540000 5.080000 7.620000 10.160000 12.700000 15.240000 36.368442 36.773483 37.217474 37.699038 31.565260 32.031097 32.539860 33.089569 
51.476240 38.497659 53.967287 41.770019 23.662106 22.392545 21.123038 19.853593 24.328066 23.095143 21.866465 20.642789 8.032185 7.620000 8.032185 9.158100 10.776307 12.700000 14.810618 2.540000 0.000000 2.540000 5.080000 7.620000 10.160000 12.700000 35.680386 36.003665 36.368442 36.773483 30.769986 31.144276 31.565260 32.031097 
53.019720 40.538342 52.378961 39.696624 26.201354 24.931711 23.662106 22.392545 26.804300 25.564619 24.328066 23.095143 9.158100 8.032185 7.620000 8.032185 9.158100 10.776307 12.700000 5.080000 2.540000 0.000000 2.540000 5.080000 7.620000 10.160000 35.162758 35.399744 35.680386 36.003665 30.168222 30.444112 30.769986 31.144276 
54.637729 42.632709 50.867929 37.680402 28.740735 27.471030 26.201354 24.931711 29.291457 28.046695 26.804300 25.564619 10.776307 9.158100 8.032185 7.620000 8.032185 9.158100 10.776307 7.620000 5.080000 2.540000 0.000000 2.540000 5.080000 7.620000 34.823158 34.970317 35.162758 35.399744 29.771705 29.943699 30.168222 30.444112 
56.323843 44.773225 49.441279 35.731030 31.280217 30.010465 28.740735 27.471030 31.786971 30.538297 29.291457 28.046695 12.700000 10.776307 9.158100 8.032185 7.620000 8.032185 9.158100 10.160000 7.620000 5.080000 2.540000 0.000000 2.540000 5.080000 34.666819 34.721858 34.823158 34.970317 29.588687 29.653154 29.771705 29.943699 
58.072131 46.953581 48.106519 33.860059 33.819777 32.549989 31.280217 30.010465 34.289020 33.037272 31.786971 30.538297 14.810618 12.700000 10.776307 9.158100 8.032185 7.620000 8.032185 12.700000 10.160000 7.620000 5.080000 2.540000 0.000000 2.540000 34.696218 34.658261 34.666819 34.721858 29.623126 29.578660 29.588687 29.653154 
59.877146 49.168476 46.871499 32.081207 36.359398 35.089581 33.819777 32.549989 36.796269 35.542063 34.289020 33.037272 17.038838 14.810618 12.700000 10.776307 9.158100 8.032185 7.620000 15.240000 12.700000 10.160000 7.620000 5.080000 2.540000 0.000000 34.910885 34.780538 34.696218 34.658261 29.874270 29.721842 29.623126 29.578660 
39.561529 70.018945 26.912143 63.732264 47.713167 46.867004 46.040327 45.234204 51.581103 50.799409 50.037742 49.297029 29.198827 28.337218 27.682621 27.249959 27.049885 27.087552 27.361978 36.368442 35.680386 35.162758 34.823158 34.666819 34.696218 34.910885 0.000000 1.270000 2.540000 3.810000 5.080000 5.236344 5.679613 6.350000 
40.813067 70.733617 25.685701 63.224152 48.577796 47.713167 46.867004 46.040327 52.381925 51.581103 50.799409 50.037742 29.701802 28.743204 27.983027 27.437766 27.120387 27.038916 27.195473 36.773483 36.003665 35.399744 34.970317 34.721858 34.658261 34.780538 1.270000 0.000000 1.270000 2.540000 5.236344 5.080000 5.236344 5.679613 
42.065712 71.463712 24.463706 62.737636 49.459923 48.577796 47.713167 46.867004 53.201014 52.381925 51.581103 50.799409 30.249766 29.198827 28.337218 27.682621 27.249959 27.049885 27.087552 37.217474 36.368442 35.680386 35.162758 34.823158 34.666819 34.696218 2.540000 1.270000 0.000000 1.270000 5.679613 5.236344 5.080000 5.236344 
43.319367 72.208764 23.246856 62.273224 50.358629 49.459923 48.577796 47.713167 54.037537 53.201014 52.381925 51.581103 30.840321 29.701802 28.743204 27.983027 27.437766 27.120387 27.038916 37.699038 36.773483 36.003665 35.399744 34.970317 34.721858 34.658261 3.810000 2.540000 1.270000 0.000000 6.350000 5.679613 5.236344 5.080000 
40.746528 65.859074 28.625659 59.131772 44.091895 43.174819 42.276006 41.396644 47.713167 46.867004 46.040327 45.234204 24.570161 23.539736 22.747501 22.218946 21.973110 22.019463 22.356188 31.565260 30.769986 30.168222 29.771705 29.588687 29.623126 29.874270 5.080000 5.236344 5.679613 6.350000 0.000000 1.270000 2.540000 3.810000 
41.962738 66.618387 27.475811 58.583772 45.026116 44.091895 43.174819 42.276006 48.577796 47.713167 46.867004 46.040327 25.165816 24.026924 23.112142 22.448881 22.059843 21.959605 22.152089 32.031097 31.144276 30.444112 29.943699 29.653154 29.578660 29.721842 5.236344 5.080000 5.236344 5.679613 1.270000 0.000000 1.270000 2.540000 
43.182045 67.393079 26.337005 58.058384 45.976439 45.026116 44.091895 43.174819 49.459923 48.577796 47.713167 46.867004 25.810262 24.570161 23.539736 22.747501 22.218946 21.973110 22.019463 32.539860 31.565260 30.769986 30.168222 29.771705 29.588687 29.623126 5.679613 5.236344 5.080000 5.236344 2.540000 1.270000 0.000000 1.270000 
44.404195 68.182627 25.210738 57.556228 46.941884 45.976439 45.026116 44.091895 50.358629 49.459923 48.577796 47.713167 26.499938 25.165816 24.026924 23.112142 22.448881 22.059843 21.959605 33.089569 32.031097 31.144276 30.444112 29.943699 29.653154 29.578660 6.350000 5.679613 5.236344 5.080000 3.810000 2.540000 1.270000 0.000000 
