33
# Circuit board instance
Size: medium
Nodes: 33
0.000000 115.000000 115.000000 162.634560 109.943084 111.648790 113.385740 115.152521 116.947780 112.546742 113.884437 115.262587 116.679759 118.134548 126.907928 128.421869 129.967819 131.544650 133.151263 134.786595 136.449612 133.138456 134.582327 136.058298 137.565334 139.102427 140.668591 142.262865 26.268392 27.533440 28.966454 30.543802 32.244307 
115.000000 0.000000 162.634560 115.000000 92.150639 91.024781 89.956570 88.948084 88.001374 111.669531 110.402808 109.180488 108.004079 106.875097 75.859657 78.366077 80.874592 83.385013 85.897173 88.410925 90.926135 74.982090 77.516890 80.052020 82.587449 85.123150 87.659100 90.195279 105.477884 103.002165 100.529653 98.060590 95.595245 
115.000000 162.634560 0.000000 115.000000 80.196804 82.519682 84.855004 87.201770 89.559080 61.297605 63.720422 66.152030 68.591496 71.038008 110.096518 109.195227 108.345998 107.550063 106.808614 106.122793 105.493685 117.224014 116.377936 115.581493 114.835719 114.141607 113.500104 112.912107 92.497480 92.864664 93.299576 93.801275 94.368696 
162.634560 115.000000 115.000000 0.000000 53.252097 51.279201 49.358183 47.495339 45.697783 59.671696 57.266108 54.872635 52.492935 50.128970 42.075037 39.656817 37.254808 34.872361 32.513775 30.184644 27.892349 40.471410 37.951146 35.433699 32.919718 30.410062 27.905897 25.408846 137.809069 135.923513 134.059563 132.218134 130.400178 
109.943084 92.150639 80.196804 53.252097 0.000000 2.540000 5.080000 7.620000 10.160000 20.457119 18.704825 17.150816 15.853506 14.880190 30.256246 29.748479 29.451770 29.372517 29.512471 29.868551 30.433171 37.697610 37.291304 37.055042 36.992082 37.103306 37.387159 37.839758 84.722825 82.912605 81.141520 79.412188 77.727396 
111.648790 91.024781 82.519682 51.279201 2.540000 0.000000 2.540000 5.080000 7.620000 22.361129 20.457119 18.704825 17.150816 15.853506 27.797308 27.243750 26.919449 26.832717 26.985846 27.374811 27.989781 35.208665 34.773290 34.519798 34.452205 34.571602 34.876067 35.360820 86.569726 84.722825 82.912605 81.141520 79.412188 
113.385740 89.956570 84.855004 49.358183 5.080000 2.540000 0.000000 2.540000 5.080000 24.381340 22.361129 20.457119 18.704825 17.150816 25.354358 24.746213 24.388724 24.292959 24.461992 24.890428 25.565230 32.727567 32.258723 31.985310 31.912349 32.041211 32.369485 32.891202 88.451008 86.569726 84.722825 82.912605 81.141520 
115.152521 88.948084 87.201770 47.495339 7.620000 5.080000 2.540000 0.000000 2.540000 26.491178 24.381340 22.361129 20.457119 18.704825 22.932506 22.258289 21.860151 21.753257 21.941864 22.418514 23.165434 30.256246 29.748479 29.451770 29.372517 29.512471 29.868551 30.433171 90.364526 88.451008 86.569726 84.722825 82.912605 
116.947780 88.001374 89.559080 45.697783 10.160000 7.620000 5.080000 2.540000 0.000000 28.670866 26.491178 24.381340 22.361129 20.457119 20.539216 19.783604 19.334574 19.213634 19.426912 19.963700 20.798964 27.797308 27.243750 26.919449 26.832717 26.985846 27.374811 27.989781 92.308273 90.364526 88.451008 86.569726 84.722825 
112.546742 111.669531 61.297605 59.671696 20.457119 22.361129 24.381340 26.491178 28.670866 0.000000 2.540000 5.080000 7.620000 10.160000 49.067745 48.013718 47.073281 46.253364 45.560473 45.000478 44.578386 56.022651 55.101823 54.284322 53.574877 52.977831 52.497017 52.135653 86.351095 85.018407 83.741569 82.523176 81.365852 
113.884437 110.402808 63.720422 57.266108 18.704825 20.457119 22.361129 24.381340 26.491178 2.540000 0.000000 2.540000 5.080000 7.620000 46.795499 45.689082 44.699764 43.835474 43.103734 42.511388 42.064327 53.684290 52.722637 51.867650 51.124681 50.498674 49.994023 49.614431 87.737091 86.351095 85.018407 83.741569 82.523176 
115.262587 109.180488 66.152030 54.872635 17.150816 18.704825 20.457119 22.361129 24.381340 5.080000 2.540000 0.000000 2.540000 5.080000 44.552184 43.388600 42.345569 41.432199 40.657228 40.028695 39.553583 51.365083 50.359162 49.463338 48.683690 48.025876 47.494958 47.095228 89.173907 87.737091 86.351095 85.018407 83.741569 
116.679759 108.004079 68.591496 52.492935 15.853506 17.150816 18.704825 20.457119 22.361129 7.620000 5.080000 2.540000 0.000000 2.540000 42.342398 41.116324 40.014107 39.046237 38.222921 37.553668 37.046828 49.067745 48.013718 47.073281 46.253364 45.560473 45.000478 44.578386 90.659129 89.173907 87.737091 86.351095 85.018407 
118.134548 106.875097 71.038008 50.128970 14.880190 15.853506 17.150816 18.704825 20.457119 10.160000 7.620000 5.080000 2.540000 0.000000 40.171674 38.877202 37.709594 36.680968 35.803302 35.087929 34.544930 46.795499 45.689082 44.699764 43.835474 43.103734 42.511388 42.064327 92.190415 90.659129 89.173907 87.737091 86.351095 
126.907928 75.859657 110.096518 42.075037 30.256246 27.797308 25.354358 22.932506 20.539216 49.067745 46.795499 44.552184 42.342398 40.171674 0.000000 2.540000 5.080000 7.620000 10.160000 12.700000 15.240000 7.620000 8.032185 9.158100 10.776307 12.700000 14.810618 17.038838 104.030664 101.831824 99.649209 97.483909 95.337104 
128.421869 78.366077 109.195227 39.656817 29.748479 27.243750 24.746213 22.258289 19.783604 48.013718 45.689082 43.388600 41.116324 38.877202 2.540000 0.000000 2.540000 5.080000 7.620000 10.160000 12.700000 8.032185 7.620000 8.032185 9.158100 10.776307 12.700000 14.810618 105.311747 103.140222 100.985889 98.849874 96.733389 
129.967819 80.874592 108.345998 37.254808 29.451770 26.919449 24.388724 21.860151 19.334574 47.073281 44.699764 42.345569 40.014107 37.709594 5.080000 2.540000 0.000000 2.540000 5.080000 7.620000 10.160000 9.158100 8.032185 7.620000 8.032185 9.158100 10.776307 12.700000 106.637949 104.493988 102.368150 100.261587 98.175540 
131.544650 83.385013 107.550063 34.872361 29.372517 26.832717 24.292959 21.753257 19.213634 46.253364 43.835474 41.432199 39.046237 36.680968 7.620000 5.080000 2.540000 0.000000 2.540000 5.080000 7.620000 10.776307 9.158100 8.032185 7.620000 8.032185 9.158100 10.776307 108.007609 105.891383 103.794169 101.717143 99.661568 
133.151263 85.897173 106.808614 32.513775 29.512471 26.985846 24.461992 21.941864 19.426912 45.560473 43.103734 40.657228 38.222921 35.803302 10.160000 7.620000 5.080000 2.540000 0.000000 2.540000 5.080000 12.700000 10.776307 9.158100 8.032185 7.620000 8.032185 9.158100 109.419095 107.330702 105.262168 103.214688 101.189538 
134.786595 88.410925 106.122793 30.184644 29.868551 27.374811 24.890428 22.418514 19.963700 45.000478 42.511388 40.028695 37.553668 35.087929 12.700000 10.160000 7.620000 5.080000 2.540000 0.000000 2.540000 14.810618 12.700000 10.776307 9.158100 8.032185 7.620000 8.032185 110.870808 108.810282 106.770417 104.752420 102.757581 
136.449612 90.926135 105.493685 27.892349 30.433171 27.989781 25.565230 23.165434 20.798964 44.578386 42.064327 39.553583 37.046828 34.544930 15.240000 12.700000 10.160000 7.620000 5.080000 2.540000 0.000000 17.038838 14.810618 12.700000 10.776307 9.158100 8.032185 7.620000 112.361190 110.328502 108.317233 106.328597 104.363890 
133.138456 74.982090 117.224014 40.471410 37.697610 35.208665 32.727567 30.256246 27.797308 56.022651 53.684290 51.365083 49.067745 46.795499 7.620000 8.032185 9.158100 10.776307 12.700000 14.810618 17.038838 0.000000 2.540000 5.080000 7.620000 10.160000 12.700000 15.240000 110.714834 108.473066 106.244722 104.030664 101.831824 
134.582327 77.516890 116.377936 37.951146 37.291304 34.773290 32.258723 29.748479 27.243750 55.101823 52.722637 50.359162 48.013718 45.689082 8.032185 7.620000 8.032185 9.158100 10.776307 12.700000 14.810618 2.540000 0.000000 2.540000 5.080000 7.620000 10.160000 12.700000 111.919433 109.702284 107.499423 105.311747 103.140222 
136.058298 80.052020 115.581493 35.433699 37.055042 34.519798 31.985310 29.451770 26.919449 54.284322 51.867650 49.463338 47.073281 44.699764 9.158100 8.032185 7.620000 8.032185 9.158100 10.776307 12.700000 5.080000 2.540000 0.000000 2.540000 5.080000 7.620000 10.160000 113.168227 110.976030 108.798962 106.637949 104.493988 
137.565334 82.587449 114.835719 32.919718 36.992082 34.452205 31.912349 29.372517 26.832717 53.574877 51.124681 48.683690 46.253364 43.835474 10.776307 9.158100 8.032185 7.620000 8.032185 9.158100 10.776307 7.620000 5.080000 2.540000 0.000000 2.540000 5.080000 7.620000 114.459770 112.292790 110.141752 108.007609 105.891383 
139.102427 85.123150 114.141607 30.410062 37.103306 34.571602 32.041211 29.512471 26.985846 52.977831 50.498674 48.025876 45.560473 43.103734 12.700000 10.776307 9.158100 8.032185 7.620000 8.032185 9.158100 10.160000 7.620000 5.080000 2.540000 0.000000 2.540000 5.080000 115.792632 113.651068 111.526231 109.419095 107.330702 
140.668591 87.659100 113.500104 27.905897 37.387159 34.876067 32.369485 29.868551 27.374811 52.497017 49.994023 47.494958 45.000478 42.511388 14.810618 12.700000 10.776307 9.158100 8.032185 7.620000 8.032185 12.700000 10.160000 7.620000 5.080000 2.540000 0.000000 2.540000 117.165402 115.049394 112.950865 110.870808 108.810282 
142.262865 90.195279 112.912107 25.408846 37.839758 35.360820 32.891202 30.433171 27.989781 52.135653 49.614431 47.095228 44.578386 42.064327 17.038838 14.810618 12.700000 10.776307 9.158100 8.032185 7.620000 15.240000 12.700000 10.160000 7.620000 5.080000 2.540000 0.000000 118.576694 116.486326 114.414155 112.361190 110.328502 
26.268392 105.477884 92.497480 137.809069 84.722825 86.569726 88.451008 90.364526 92.308273 86.351095 87.737091 89.173907 90.659129 92.190415 104.030664 105.311747 106.637949 108.007609 109.419095 110.870808 112.361190 110.714834 111.919433 113.168227 114.459770 115.792632 117.165402 118.576694 0.000000 2.540000 5.080000 7.620000 10.160000 
27.533440 103.002165 92.864664 135.923513 82.912605 84.722825 86.569726 88.451008 90.364526 85.018407 86.351095 87.737091 89.173907 90.659129 101.831824 103.140222 104.493988 105.891383 107.330702 108.810282 110.328502 108.473066 109.702284 110.976030 112.292790 113.651068 115.049394 116.486326 2.540000 0.000000 2.540000 5.080000 7.620000 
28.966454 100.529653 93.299576 134.059563 81.141520 82.912605 84.722825 86.569726 88.451008 83.741569 85.018407 86.351095 87.737091 89.173907 99.649209 100.985889 102.368150 103.794169 105.262168 106.770417 108.317233 106.244722 107.499423 108.798962 110.141752 111.526231 112.950865 114.414155 5.080000 2.540000 0.000000 2.540000 5.080000 
30.543802 98.060590 93.801275 132.218134 79.412188 81.141520 82.912605 84.722825 86.569726 82.523176 83.741569 85.018407 86.351095 87.737091 97.483909 98.849874 100.261587 101.717143 103.214688 104.752420 106.328597 104.030664 105.311747 106.637949 108.007609 109.419095 110.870808 112.361190 7.620000 5.080000 2.540000 0.000000 2.540000 
32.244307 95.595245 94.368696 130.400178 77.727396 79.412188 81.141520 82.912605 84.722825 81.365852 82.523176 83.741569 85.018407 86.351095 95.337104 96.733389 98.175540 99.661568 101.189538 102.757581 104.363890 101.831824 103.140222 104.493988 105.891383 107.330702 108.810282 110.328502 10.160000 7.620000 5.080000 2.540000 0.000000 
