74
# Circuit board instance
Width: 200
Height: 200
Components: 8
Total holes: 74
Size category: large
0.000000 190.000000 190.000000 268.700577 124.253178 126.705931 129.162057 131.621366 134.083684 64.958063 65.159884 65.459715 65.856217 66.347656 66.931942 67.606667 72.565762 72.746481 73.015165 73.370847 73.812272 74.337910 74.945990 108.173928 109.068327 109.970118 110.879122 111.852078 112.717294 113.590120 114.470381 113.576674 115.906824 118.245618 120.592552 122.947160 190.433487 192.656309 194.886883 197.124945 199.370243 103.854455 104.124128 104.454888 104.846155 105.297255 105.807424 106.375811 111.442964 111.694317 112.002723 112.367711 112.788733 113.265164 113.796307 160.394104 162.932114 165.470185 168.008314 170.546499 163.091419 165.613946 168.136999 170.660554 173.184591 175.709087 178.234025 164.165028 166.671307 169.178591 171.686838 174.196005 176.706052 179.216944 
190.000000 0.000000 268.700577 190.000000 77.311499 75.016055 72.736871 70.475525 68.233789 125.219813 125.324627 125.480779 125.688078 125.946271 126.255045 126.614032 117.603748 117.715343 117.881576 118.102214 118.376953 118.705419 119.087166 136.007843 136.720278 137.440756 138.169151 131.821932 132.556867 133.299850 134.050747 97.379130 95.143187 92.922873 90.719335 88.533826 95.653571 95.057594 94.526133 94.060282 93.661020 87.155572 87.476740 87.870185 88.334942 88.869893 89.473778 90.145211 79.588191 79.939767 80.370117 80.877984 81.461918 82.120297 82.851345 30.414117 27.936064 25.470218 23.020504 20.592677 235.342361 237.097438 238.866629 240.649623 242.446115 244.255807 246.078409 229.873383 231.669896 233.480217 235.304030 237.141022 238.990889 240.853335 
190.000000 268.700577 0.000000 190.000000 197.862528 199.411938 200.981503 202.570758 204.179240 197.073018 194.676232 192.283122 189.893828 187.508496 185.127279 182.750338 199.709826 197.345066 194.984715 192.628933 190.277892 187.931768 185.590749 137.746941 136.696456 135.649725 134.606838 140.653860 139.625247 138.600637 137.580120 177.895584 179.392223 180.912145 182.454766 184.019516 192.729052 194.925699 197.130595 199.343469 201.564056 207.780947 205.581634 203.390260 201.207083 199.032375 196.866414 194.709495 211.675951 209.517528 207.367751 205.226891 203.095230 200.973062 198.860689 243.710954 245.388742 247.081247 248.788172 250.509220 34.015062 31.952974 29.964376 28.064895 26.273867 24.614975 23.116684 38.837739 37.045081 35.344156 33.748835 32.274783 30.939336 29.761160 
268.700577 190.000000 190.000000 0.000000 172.301467 171.283789 170.297916 169.344405 168.423804 224.272660 222.169500 220.075556 217.991095 215.916391 213.851727 211.797398 220.111031 217.967719 215.833015 213.707177 211.590472 209.483176 207.385577 160.532721 159.632251 158.736834 157.846556 157.002048 156.081210 155.165302 154.254413 168.017478 166.731533 165.474585 164.247300 163.050349 100.145796 99.576708 99.069493 98.625105 98.244396 199.958165 197.671834 195.391769 193.118192 190.851335 188.591439 186.338759 196.777677 194.453955 192.135707 189.823135 187.516448 185.215867 182.921621 185.994030 185.604915 185.249812 184.928917 184.642409 173.044042 172.650539 172.293586 171.973412 171.690221 171.444198 171.235502 165.529411 165.118001 164.744728 164.409854 164.113612 163.856213 163.637840 
124.253178 77.311499 197.862528 172.301467 0.000000 2.540000 5.080000 7.620000 10.160000 62.091515 60.958936 59.912692 58.957380 58.097486 57.337302 56.680842 55.446631 54.175312 52.995314 51.912862 50.934178 50.065346 49.312173 60.842668 61.752076 62.674025 63.607968 57.384149 58.347487 59.322371 60.308241 20.583029 18.689649 16.966087 15.469209 14.270527 75.947771 77.527513 79.157247 80.833950 82.554760 28.173918 26.157807 24.240365 22.446890 20.809462 19.367698 18.168240 24.500788 22.152874 19.852311 17.617658 15.477489 13.476894 11.687767 48.127084 50.276558 52.460952 54.676082 56.918359 163.898060 165.909967 167.936189 169.976213 172.029549 174.095725 176.174291 159.331893 161.400729 163.482848 165.577750 167.684954 169.804004 171.934461 
126.705931 75.016055 199.411938 171.283789 2.540000 0.000000 2.540000 5.080000 7.620000 64.354527 63.262475 62.254956 61.336135 60.510054 59.780558 59.151219 57.634782 56.412798 55.280580 54.243751 53.307877 52.478358 51.760310 62.654847 63.538324 64.434719 65.343502 59.084125 60.020184 60.968327 61.928000 22.603592 20.583029 18.689649 16.966087 15.469209 74.421205 75.947771 77.527513 79.157247 80.833950 29.733310 27.830396 26.036424 24.375458 22.876490 21.573312 20.503293 25.531923 23.288201 21.111720 19.025571 17.062917 15.271449 13.718395 46.017425 48.127084 50.276558 52.460952 54.676082 165.470101 167.463123 169.470776 171.492546 173.527940 175.576485 177.637724 160.828241 162.878071 164.941542 167.018148 169.107406 171.208851 173.322040 
129.162057 72.736871 200.981503 170.297916 5.080000 2.540000 0.000000 2.540000 5.080000 66.637506 65.583479 64.612163 63.727338 62.932652 62.231561 61.627256 59.850736 58.674920 57.587195 56.592641 55.696249 54.902828 54.216899 64.516143 65.374471 66.246026 67.130292 60.842668 61.752076 62.674025 63.607968 24.720171 22.603592 20.583029 18.689649 16.966087 72.951154 74.421205 75.947771 77.527513 79.157247 31.420901 29.626580 27.948142 26.407693 25.030722 23.845567 22.882052 26.765141 24.634001 22.587572 20.651054 18.858336 17.254299 15.896165 43.953314 46.017425 48.127084 50.276558 52.460952 167.065969 169.040176 171.029317 173.032878 175.050363 177.081296 179.125221 162.350537 164.381386 166.426219 168.484527 170.555822 172.639638 174.735525 
131.621366 70.475525 202.570758 169.344405 7.620000 5.080000 2.540000 0.000000 2.540000 68.938469 67.920159 66.982735 66.129636 65.364165 64.689430 64.108299 62.091515 60.958936 59.912692 58.957380 58.097486 57.337302 56.680842 66.422427 67.256431 68.103906 68.964355 62.654847 63.538324 64.434719 65.343502 26.910119 24.720171 22.603592 20.583029 18.689649 71.541101 72.951154 74.421205 75.947771 77.527513 33.217157 31.525239 29.953382 28.521443 27.251487 26.167108 25.292188 28.173918 26.157807 24.240365 22.446890 20.809462 19.367698 18.168240 41.941475 43.953314 46.017425 48.127084 50.276558 168.684987 170.640464 172.611165 174.596574 176.596196 178.609553 180.636185 163.898060 165.909967 167.936189 169.976213 172.029549 174.095725 176.174291 
134.083684 68.233789 204.179240 168.423804 10.160000 7.620000 5.080000 2.540000 0.000000 71.255673 70.270951 69.365303 68.541865 67.803632 67.153413 66.593787 64.354527 63.262475 62.254956 61.336135 60.510054 59.780558 59.151219 68.369935 69.180465 70.004651 70.842018 64.516143 65.374471 66.246026 67.130292 29.156910 26.910119 24.720171 22.603592 20.583029 70.194662 71.541101 72.951154 74.421205 75.947771 35.105401 33.508960 32.034587 30.699876 29.523774 28.525905 27.725520 29.733310 27.830396 26.036424 24.375458 22.876490 21.573312 20.503293 39.989800 41.941475 43.953314 46.017425 48.127084 170.326494 172.263338 174.215683 176.183012 178.164829 180.160657 182.170034 165.470101 167.463123 169.470776 171.492546 173.527940 175.576485 177.637724 
64.958063 125.219813 197.073018 224.272660 62.091515 64.354527 66.637506 68.938469 71.255673 0.000000 2.540000 5.080000 7.620000 10.160000 12.700000 15.240000 7.620000 8.032185 9.158100 10.776307 12.700000 14.810618 17.038838 73.001260 74.253489 75.506311 76.759698 74.024919 75.260118 76.496456 77.733880 57.246834 59.013042 60.834049 62.705080 64.621791 134.863881 136.786019 138.728032 140.689096 142.668427 38.997406 39.459788 40.078115 40.845305 41.753153 42.792707 43.954624 46.544693 46.932778 47.453831 48.103531 48.876748 49.767726 50.770264 95.458236 97.997388 100.536584 103.075818 105.615090 164.498350 166.940307 169.385148 171.832750 174.282996 176.735776 179.190987 162.551152 165.021926 167.494771 169.969597 172.446318 174.924854 177.405129 
65.159884 125.324627 194.676232 222.169500 60.958936 63.262475 65.583479 67.920159 70.270951 2.540000 0.000000 2.540000 5.080000 7.620000 10.160000 12.700000 8.032185 7.620000 8.032185 9.158100 10.776307 12.700000 14.810618 70.498709 71.749655 73.001260 74.253489 71.558177 72.790919 74.024919 75.260118 55.420941 57.243514 59.119052 61.042672 63.009973 133.205426 135.151153 137.116322 139.100111 141.101733 38.696559 38.997406 39.459788 40.078115 40.845305 41.753153 42.792707 46.292920 46.544693 46.932778 47.453831 48.103531 48.876748 49.767726 95.425540 97.965539 100.505539 103.045539 105.585539 162.059406 164.498350 166.940307 169.385148 171.832750 174.282996 176.735776 160.082545 162.551152 165.021926 167.494771 169.969597 172.446318 174.924854 
65.459715 125.480779 192.283122 220.075556 59.912692 62.254956 64.612163 66.982735 69.365303 5.080000 2.540000 0.000000 2.540000 5.080000 7.620000 10.160000 9.158100 8.032185 7.620000 8.032185 9.158100 10.776307 12.700000 67.998935 69.248456 70.498709 71.749655 69.096744 70.326762 71.558177 72.790919 53.653189 55.533808 57.465174 59.442340 61.460887 131.575103 133.544586 135.533052 137.539679 139.563682 38.561027 38.696559 38.997406 39.459788 40.078115 40.845305 41.753153 46.179688 46.292920 46.544693 46.932778 47.453831 48.103531 48.876748 95.460440 97.999535 100.538676 103.077859 105.617082 159.623615 162.059406 164.498350 166.940307 169.385148 171.832750 174.282996 157.616206 160.082545 162.551152 165.021926 167.494771 169.969597 172.446318 
65.856217 125.688078 189.893828 217.991095 58.957380 61.336135 63.727338 66.129636 68.541865 7.620000 5.080000 2.540000 0.000000 2.540000 5.080000 7.620000 10.776307 9.158100 8.032185 7.620000 8.032185 9.158100 10.776307 65.502257 66.750188 67.998935 69.248456 66.641207 67.868198 69.096744 70.326762 51.949512 53.889619 55.877844 57.909231 59.979395 129.973972 131.967352 133.979229 136.008782 138.055231 38.592554 38.561027 38.696559 38.997406 39.459788 40.078115 40.845305 46.206016 46.179688 46.292920 46.544693 46.932778 47.453831 48.103531 95.562863 98.099307 100.635931 103.172720 105.709664 157.191122 159.623615 162.059406 164.498350 166.940307 169.385148 171.832750 155.152244 157.616206 160.082545 162.551152 165.021926 167.494771 169.969597 
66.347656 125.946271 187.508496 215.916391 58.097486 60.510054 62.932652 65.364165 67.803632 10.160000 7.620000 5.080000 2.540000 0.000000 2.540000 5.080000 12.700000 10.776307 9.158100 8.032185 7.620000 8.032185 9.158100 63.009042 64.255191 65.502257 66.750188 64.192244 65.415857 66.641207 67.868198 50.316421 52.317123 54.362890 56.448821 58.570625 128.403123 130.420515 132.455889 134.508429 136.577361 38.790731 38.592554 38.561027 38.696559 38.997406 39.459788 40.078115 46.371667 46.206016 46.179688 46.292920 46.544693 46.932778 47.453831 95.732592 98.264655 100.797118 103.329950 105.863126 154.762084 157.191122 159.623615 162.059406 164.498350 166.940307 169.385148 152.690774 155.152244 157.616206 160.082545 162.551152 165.021926 167.494771 
66.931942 126.255045 185.127279 213.851727 57.337302 59.780558 62.231561 64.689430 67.153413 12.700000 10.160000 7.620000 5.080000 2.540000 0.000000 2.540000 14.810618 12.700000 10.776307 9.158100 8.032185 7.620000 8.032185 60.519717 61.763864 63.009042 64.255191 61.750636 62.970467 64.192244 65.415857 48.761007 50.822977 52.926528 55.066895 57.239948 126.863683 128.905169 130.964096 133.039653 135.131075 39.153028 38.790731 38.592554 38.561027 38.696559 38.997406 39.459788 46.675157 46.371667 46.206016 46.179688 46.292920 46.544693 46.932778 95.969269 98.495248 101.021931 103.549264 106.077203 152.336665 154.762084 157.191122 159.623615 162.059406 164.498350 166.940307 150.231919 152.690774 155.152244 157.616206 160.082545 162.551152 165.021926 
67.606667 126.614032 182.750338 211.797398 56.680842 59.151219 61.627256 64.108299 66.593787 15.240000 12.700000 10.160000 7.620000 5.080000 2.540000 0.000000 17.038838 14.810618 12.700000 10.776307 9.158100 8.032185 7.620000 58.034785 59.276667 60.519717 61.763864 59.317291 60.532868 61.750636 62.970467 47.290935 49.414287 51.575325 53.769505 55.992932 125.356807 127.422438 129.504940 131.603512 133.717399 39.674949 39.153028 38.790731 38.592554 38.561027 38.696559 38.997406 47.113823 46.675157 46.371667 46.206016 46.179688 46.292920 46.544693 96.272402 98.790631 101.309946 103.830270 106.351530 149.915041 152.336665 154.762084 157.191122 159.623615 162.059406 164.498350 147.775808 150.231919 152.690774 155.152244 157.616206 160.082545 162.551152 
72.565762 117.603748 199.709826 220.111031 55.446631 57.634782 59.850736 62.091515 64.354527 7.620000 8.032185 9.158100 10.776307 12.700000 14.810618 17.038838 0.000000 2.540000 5.080000 7.620000 10.160000 12.700000 15.240000 72.112417 73.379816 74.647303 75.914874 72.617397 73.876132 75.135248 76.394723 52.331650 53.900197 55.540651 57.246834 59.013042 129.225539 131.082718 132.962480 134.863881 136.786019 31.485167 32.056091 32.814225 33.746955 34.840261 36.079549 37.450328 38.997406 39.459788 40.078115 40.845305 41.753153 42.792707 43.954624 87.841073 90.380074 92.919130 95.458236 97.997388 166.771298 169.180451 171.593378 174.009922 176.429934 178.853274 181.279807 164.498350 166.940307 169.385148 171.832750 174.282996 176.735776 179.190987 
72.746481 117.715343 197.345066 217.967719 54.175312 56.412798 58.674920 60.958936 63.262475 8.032185 7.620000 8.032185 9.158100 10.776307 12.700000 14.810618 2.540000 0.000000 2.540000 5.080000 7.620000 10.160000 12.700000 69.577904 70.845111 72.112417 73.379816 70.101144 71.359060 72.617397 73.876132 50.327750 51.956828 53.656731 55.420941 57.243514 127.493760 129.375801 131.280007 133.205426 135.151153 31.111762 31.485167 32.056091 32.814225 33.746955 34.840261 36.079549 38.696559 38.997406 39.459788 40.078115 40.845305 41.753153 42.792707 87.805540 90.345540 92.885540 95.425540 97.965539 164.366085 166.771298 169.180451 171.593378 174.009922 176.429934 178.853274 162.059406 164.498350 166.940307 169.385148 171.832750 174.282996 176.735776 
73.015165 117.881576 194.984715 215.833015 52.995314 55.280580 57.587195 59.912692 62.254956 9.158100 8.032185 7.620000 8.032185 9.158100 10.776307 12.700000 5.080000 2.540000 0.000000 2.540000 5.080000 7.620000 10.160000 67.043806 68.310800 69.577904 70.845111 67.586667 68.843671 70.101144 71.359060 48.374232 50.066914 51.828840 53.653189 55.533808 125.789432 127.696595 129.625470 131.575103 133.544586 30.943026 31.111762 31.485167 32.056091 32.814225 33.746955 34.840261 38.561027 38.696559 38.997406 39.459788 40.078115 40.845305 41.753153 87.843468 90.382402 92.921394 95.460440 97.999535 161.964988 164.366085 166.771298 169.180451 171.593378 174.009922 176.429934 159.623615 162.059406 164.498350 166.940307 169.385148 171.832750 174.282996 
73.370847 118.102214 192.628933 213.707177 51.912862 54.243751 56.592641 58.957380 61.336135 10.776307 9.158100 8.032185 7.620000 8.032185 9.158100 10.776307 7.620000 5.080000 2.540000 0.000000 2.540000 5.080000 7.620000 64.510173 65.776928 67.043806 68.310800 65.074174 66.330159 67.586667 68.843671 46.477452 48.236740 50.063119 51.949512 53.889619 124.113685 126.046205 127.999953 129.973972 131.967352 30.982306 30.943026 31.111762 31.485167 32.056091 32.814225 33.746955 38.592554 38.561027 38.696559 38.997406 39.459788 40.078115 40.845305 87.954761 90.490573 93.026613 95.562863 98.099307 159.568191 161.964988 164.366085 166.771298 169.180451 171.593378 174.009922 157.191122 159.623615 162.059406 164.498350 166.940307 169.385148 171.832750 
73.812272 118.376953 190.277892 211.590472 50.934178 53.307877 55.696249 58.097486 60.510054 12.700000 10.776307 9.158100 8.032185 7.620000 8.032185 9.158100 10.160000 7.620000 5.080000 2.540000 0.000000 2.540000 5.080000 61.977061 63.243548 64.510173 65.776928 62.563901 63.818743 65.074174 66.330159 44.644640 46.473363 48.366375 50.316421 52.317123 122.467692 124.425779 126.404575 128.403123 130.420515 31.228814 30.982306 30.943026 31.111762 31.485167 32.056091 32.814225 38.790731 38.592554 38.561027 38.696559 38.997406 39.459788 40.078115 88.139142 90.669797 93.200960 95.732592 98.264655 157.175893 159.568191 161.964988 164.366085 166.771298 169.180451 171.593378 154.762084 157.191122 159.623615 162.059406 164.498350 166.940307 169.385148 
74.337910 118.705419 187.931768 209.483176 50.065346 52.478358 54.902828 57.337302 59.780558 14.810618 12.700000 10.776307 9.158100 8.032185 7.620000 8.032185 12.700000 10.160000 7.620000 5.080000 2.540000 0.000000 2.540000 59.444537 60.710721 61.977061 63.243548 60.056129 61.309683 62.563901 63.818743 42.884000 44.784674 46.746121 48.761007 50.822977 120.852668 122.836503 124.840493 126.863683 128.905169 31.677715 31.228814 30.982306 30.943026 31.111762 31.485167 32.056091 39.153028 38.790731 38.592554 38.561027 38.696559 38.997406 39.459788 88.396154 90.919655 93.444051 95.969269 98.495248 154.788302 157.175893 159.568191 161.964988 164.366085 166.771298 169.180451 152.336665 154.762084 157.191122 159.623615 162.059406 164.498350 166.940307 
74.945990 119.087166 185.590749 207.385577 49.312173 51.760310 54.216899 56.680842 59.151219 17.038838 14.810618 12.700000 10.776307 9.158100 8.032185 7.620000 15.240000 12.700000 10.160000 7.620000 5.080000 2.540000 0.000000 56.912679 58.178519 59.444537 60.710721 57.551183 58.803280 60.056129 61.309683 41.204784 43.179437 45.210580 47.290935 49.414287 119.269873 121.279601 123.308896 125.356807 127.422438 32.320575 31.677715 31.228814 30.982306 30.943026 31.111762 31.485167 39.674949 39.153028 38.790731 38.592554 38.561027 38.696559 38.997406 88.725164 91.239566 93.755348 96.272402 98.790631 152.405638 154.788302 157.175893 159.568191 161.964988 164.366085 166.771298 149.915041 152.336665 154.762084 157.191122 159.623615 162.059406 164.498350 
108.173928 136.007843 137.746941 160.532721 60.842668 62.654847 64.516143 66.422427 68.369935 73.001260 70.498709 67.998935 65.502257 63.009042 60.519717 58.034785 72.112417 69.577904 67.043806 64.510173 61.977061 59.444537 56.912679 0.000000 1.270000 2.540000 3.810000 5.080000 5.236344 5.679613 6.350000 40.425459 42.156942 43.967044 45.846453 47.786995 90.813653 93.310872 95.810341 98.311888 100.815357 71.123977 68.770123 66.429983 64.105060 61.797071 59.507987 57.240075 74.277744 72.027029 69.796173 67.587143 65.402149 63.243684 61.114559 108.348730 110.310069 112.294606 114.301133 116.328512 103.733041 105.850533 107.986250 110.139131 112.308189 114.492505 116.691222 99.682828 101.884532 104.101645 106.333205 108.578321 110.836168 113.105984 
109.068327 136.720278 136.696456 159.632251 61.752076 63.538324 65.374471 67.256431 69.180465 74.253489 71.749655 69.248456 66.750188 64.255191 61.763864 59.276667 73.379816 70.845111 68.310800 65.776928 63.243548 60.710721 58.178519 1.270000 0.000000 1.270000 2.540000 5.236344 5.080000 5.236344 5.679613 41.382714 43.075736 44.848770 46.692703 48.599466 90.586974 93.090275 95.595512 98.102536 100.611215 72.305629 69.945422 67.598249 65.265517 62.948832 60.650032 58.371229 75.409993 73.150018 70.909001 68.688797 66.491493 64.319433 62.175265 109.167291 111.114183 113.084609 115.077362 117.091302 102.681482 104.789440 106.916182 109.060608 111.221697 113.398495 115.590115 98.588078 100.781690 102.991224 105.215677 107.454121 109.705702 111.969625 
109.970118 137.440756 135.649725 158.736834 62.674025 64.434719 66.246026 68.103906 70.004651 75.506311 73.001260 70.498709 67.998935 65.502257 63.009042 60.519717 74.647303 72.112417 69.577904 67.043806 64.510173 61.977061 59.444537 2.540000 1.270000 0.000000 1.270000 5.679613 5.236344 5.080000 5.236344 42.356417 44.011999 45.748762 47.557813 49.431217 90.377575 92.886520 95.397107 97.909212 100.422721 73.490228 71.123977 68.770123 66.429983 64.105060 61.797071 59.507987 76.546566 74.277744 72.027029 69.796173 67.587143 65.402149 63.243684 109.994425 111.926930 113.883295 115.862312 117.862840 101.634913 103.733041 105.850533 107.986250 110.139131 112.308189 114.492505 97.497579 99.682828 101.884532 104.101645 106.333205 108.578321 110.836168 
110.879122 138.169151 134.606838 157.846556 63.607968 65.343502 67.130292 68.964355 70.842018 76.759698 74.253489 71.749655 69.248456 66.750188 64.255191 61.763864 75.914874 73.379816 70.845111 68.310800 65.776928 63.243548 60.710721 3.810000 2.540000 1.270000 0.000000 6.350000 5.679613 5.236344 5.080000 43.345460 44.964641 46.665963 48.440773 50.281289 90.185576 92.699717 95.215231 97.732011 100.249962 74.677634 72.305629 69.945422 67.598249 65.265517 62.948832 60.650032 77.687272 75.409993 73.150018 70.909001 68.688797 66.491493 64.319433 110.829939 112.748124 114.690482 116.655807 118.642956 100.593489 102.681482 104.789440 106.916182 109.060608 111.221697 113.398495 96.411474 98.588078 100.781690 102.991224 105.215677 107.454121 109.705702 
111.852078 131.821932 140.653860 157.002048 57.384149 59.084125 60.842668 62.654847 64.516143 74.024919 71.558177 69.096744 66.641207 64.192244 61.750636 59.317291 72.617397 70.101144 67.586667 65.074174 62.563901 60.056129 57.551183 5.080000 5.236344 5.679613 6.350000 0.000000 1.270000 2.540000 3.810000 37.241743 38.783128 40.425459 42.156942 43.967044 85.826746 88.318873 90.813653 93.310872 95.810341 69.407689 66.993559 64.589085 62.195385 59.813755 57.445694 55.092952 72.101118 69.780233 67.475135 65.187498 62.919227 60.672495 58.449785 104.500855 106.411871 108.348730 110.310069 112.294606 106.650418 108.711100 110.791687 112.891080 115.008248 117.142228 119.292117 102.337749 104.483522 106.646618 108.826004 111.020720 113.229875 115.452641 
112.717294 132.556867 139.625247 156.081210 58.347487 60.020184 61.752076 63.538324 65.374471 75.260118 72.790919 70.326762 67.868198 65.415857 62.970467 60.532868 73.876132 71.359060 68.843671 66.330159 63.818743 61.309683 58.803280 5.236344 5.080000 5.236344 5.679613 1.270000 0.000000 1.270000 2.540000 38.278697 39.779923 41.382714 43.075736 44.848770 85.586861 88.085775 90.586974 93.090275 95.595512 70.618066 68.199481 65.790049 63.390812 61.002973 58.627925 56.267288 73.267012 70.938799 68.625611 66.329020 64.050813 61.793022 59.557968 105.349318 107.245217 109.167291 111.114183 113.084609 105.627906 107.678199 109.748976 111.839099 113.947504 116.073194 118.215238 101.271702 103.408402 105.562971 107.734336 109.921503 112.123546 114.339606 
113.590120 133.299850 138.600637 155.165302 59.322371 60.968327 62.674025 64.434719 66.246026 76.496456 74.024919 71.558177 69.096744 66.641207 64.192244 61.750636 75.135248 72.617397 70.101144 67.586667 65.074174 62.563901 60.056129 5.679613 5.236344 5.080000 5.236344 2.540000 1.270000 0.000000 1.270000 39.329324 40.791902 42.356417 44.011999 45.748762 85.365198 87.870416 90.377575 92.886520 95.397107 71.830501 69.407689 66.993559 64.589085 62.195385 59.813755 57.445694 74.436313 72.101118 69.780233 67.475135 65.187498 62.919227 60.672495 106.206191 108.087060 109.994425 111.926930 113.883295 104.610818 106.650418 108.711100 110.791687 112.891080 115.008248 117.142228 100.210411 102.337749 104.483522 106.646618 108.826004 111.020720 113.229875 
114.470381 134.050747 137.580120 154.254413 60.308241 61.928000 63.607968 65.343502 67.130292 77.733880 75.260118 72.790919 70.326762 67.868198 65.415857 62.970467 76.394723 73.876132 71.359060 68.843671 66.330159 63.818743 61.309683 6.350000 5.679613 5.236344 5.080000 3.810000 2.540000 1.270000 0.000000 40.392556 41.817964 43.345460 44.964641 46.665963 85.161899 87.672926 90.185576 92.699717 95.215231 73.044892 70.618066 68.199481 65.790049 63.390812 61.002973 58.627925 75.608863 73.267012 70.938799 68.625611 66.329020 64.050813 61.793022 107.071270 108.937204 110.829939 112.748124 114.690482 103.599314 105.627906 107.678199 109.748976 111.839099 113.947504 116.073194 99.154026 101.271702 103.408402 105.562971 107.734336 109.921503 112.123546 
113.576674 97.379130 177.895584 168.017478 20.583029 22.603592 24.720171 26.910119 29.156910 57.246834 55.420941 53.653189 51.949512 50.316421 48.761007 47.290935 52.331650 50.327750 48.374232 46.477452 44.644640 42.884000 41.204784 40.425459 41.382714 42.356417 43.345460 37.241743 38.278697 39.329324 40.392556 0.000000 2.540000 5.080000 7.620000 10.160000 78.103500 80.146227 82.216677 84.312806 86.432748 35.899711 33.360090 30.820532 28.281054 25.741678 23.202439 20.663387 36.575090 34.085827 31.604639 29.133589 26.675494 24.234298 21.815673 68.620218 70.718174 72.844279 74.996141 77.171604 143.891645 145.952025 148.027312 150.116887 152.220162 154.336577 156.465597 139.539645 141.663337 143.800530 145.950632 148.113082 150.287345 152.472917 
115.906824 95.143187 179.392223 166.731533 18.689649 20.583029 22.603592 24.720171 26.910119 59.013042 57.243514 55.533808 53.889619 52.317123 50.822977 49.414287 53.900197 51.956828 50.066914 48.236740 46.473363 44.784674 43.179437 42.156942 43.075736 44.011999 44.964641 38.783128 39.779923 40.791902 41.817964 2.540000 0.000000 2.540000 5.080000 7.620000 76.090728 78.103500 80.146227 82.216677 84.312806 36.031648 33.502030 30.974112 28.448346 25.925362 23.406059 20.891768 36.173444 33.654486 31.138947 28.627728 26.122075 23.623759 21.135382 66.553075 68.620218 70.718174 72.844279 74.996141 145.402119 147.441393 149.496006 151.565334 153.648783 155.745785 157.855801 140.959475 143.062091 145.178695 147.308683 149.451484 151.606554 153.773377 
118.245618 92.922873 180.912145 165.474585 16.966087 18.689649 20.583029 22.603592 24.720171 60.834049 59.119052 57.465174 55.877844 54.362890 52.926528 51.575325 55.540651 53.656731 51.828840 50.063119 48.366375 46.746121 45.210580 43.967044 44.848770 45.748762 46.665963 40.425459 41.382714 42.356417 43.345460 5.080000 2.540000 0.000000 2.540000 5.080000 74.110352 76.090728 78.103500 80.146227 82.216677 36.341068 33.834592 31.333516 28.839244 26.353709 23.879639 21.421008 35.947212 33.411202 30.875848 28.341327 25.807882 23.275867 20.745804 64.519707 66.553075 68.620218 70.718174 72.844279 146.940974 148.959183 150.993145 153.042231 155.105842 157.183407 159.274379 142.410456 144.491959 146.587918 148.697722 150.820789 152.956567 155.104531 
120.592552 90.719335 182.454766 164.247300 15.469209 16.966087 18.689649 20.583029 22.603592 62.705080 61.042672 59.442340 57.909231 56.448821 55.066895 53.769505 57.246834 55.420941 53.653189 51.949512 50.316421 48.761007 47.290935 45.846453 46.692703 47.557813 48.440773 42.156942 43.075736 44.011999 44.964641 7.620000 5.080000 2.540000 0.000000 2.540000 72.165039 74.110352 76.090728 78.103500 80.146227 36.823498 34.352240 31.891786 29.444843 27.015084 24.607600 22.229628 35.899711 33.360090 30.820532 28.281054 25.741678 23.202439 20.663387 62.523407 64.519707 66.553075 68.620218 70.718174 148.507330 150.504536 152.517890 154.546762 156.590547 158.648670 160.720580 143.891645 145.952025 148.027312 150.116887 152.220162 154.336577 156.465597 
122.947160 88.533826 184.019516 163.050349 14.270527 15.469209 16.966087 18.689649 20.583029 64.621791 63.009973 61.460887 59.979395 58.570625 57.239948 55.992932 59.013042 57.243514 55.533808 53.889619 52.317123 50.822977 49.414287 47.786995 48.599466 49.431217 50.281289 43.967044 44.848770 45.748762 46.665963 10.160000 7.620000 5.080000 2.540000 0.000000 70.257702 72.165039 74.110352 76.090728 78.103500 37.472257 35.046775 32.638719 30.252253 27.892916 25.568222 23.288546 36.031648 33.502030 30.974112 28.448346 25.925362 23.406059 20.891768 60.567842 62.523407 64.519707 66.553075 68.620218 150.100324 152.076611 154.069423 156.078127 158.102118 160.140815 162.193665 145.402119 147.441393 149.496006 151.565334 153.648783 155.745785 157.855801 
190.433487 95.653571 192.729052 100.145796 75.947771 74.421205 72.951154 71.541101 70.194662 134.863881 133.205426 131.575103 129.973972 128.403123 126.863683 125.356807 129.225539 127.493760 125.789432 124.113685 122.467692 120.852668 119.269873 90.813653 90.586974 90.377575 90.185576 85.826746 85.586861 85.365198 85.161899 78.103500 76.090728 74.110352 72.165039 70.257702 0.000000 2.540000 5.080000 7.620000 10.160000 104.110987 102.099669 100.112388 98.150606 96.215881 94.309879 92.434377 99.687599 97.585153 95.503980 93.445499 91.411244 89.402870 87.422159 86.501949 86.360312 86.293238 86.300902 86.383283 162.603177 163.701313 164.831277 165.992418 167.184087 168.405637 169.656421 155.742969 156.889129 158.067798 159.278253 160.519775 161.791648 163.093164 
192.656309 95.057594 194.925699 99.576708 77.527513 75.947771 74.421205 72.951154 71.541101 136.786019 135.151153 133.544586 131.967352 130.420515 128.905169 127.422438 131.082718 129.375801 127.696595 126.046205 124.425779 122.836503 121.279601 93.310872 93.090275 92.886520 92.699717 88.318873 88.085775 87.870416 87.672926 80.146227 78.103500 76.090728 74.110352 72.165039 2.540000 0.000000 2.540000 5.080000 7.620000 105.666444 103.685304 101.729003 99.799004 97.896862 96.024232 94.182875 101.119769 99.047728 96.997940 94.971846 92.970994 90.997051 89.051806 86.717784 86.501949 86.360312 86.293238 86.300902 164.904740 165.987650 167.102154 168.247624 169.423432 170.628950 171.863554 158.021969 159.151718 160.313753 161.507375 162.731892 163.986609 165.270840 
194.886883 94.526133 197.130595 99.069493 79.157247 77.527513 75.947771 74.421205 72.951154 138.728032 137.116322 135.533052 133.979229 132.455889 130.964096 129.504940 132.962480 131.280007 129.625470 127.999953 126.404575 124.840493 123.308896 95.810341 95.595512 95.397107 95.215231 90.813653 90.586974 90.377575 90.185576 82.216677 80.146227 78.103500 76.090728 74.110352 5.080000 2.540000 0.000000 2.540000 5.080000 107.259500 105.308334 103.382751 101.484207 99.614249 97.774517 95.966749 102.594839 100.553199 98.534734 96.540897 94.573248 92.633454 90.723302 87.007265 86.717784 86.501949 86.360312 86.293238 167.213207 168.281262 169.380675 170.510839 171.671146 172.860990 174.079765 160.308816 161.422561 162.568364 163.745553 164.953455 166.191401 167.458724 
197.124945 94.060282 199.343469 98.625105 80.833950 79.157247 77.527513 75.947771 74.421205 140.689096 139.100111 137.539679 136.008782 134.508429 133.039653 131.603512 134.863881 133.205426 131.575103 129.973972 128.403123 126.863683 125.356807 98.311888 98.102536 97.909212 97.732011 93.310872 93.090275 92.886520 92.699717 84.312806 82.216677 80.146227 78.103500 76.090728 7.620000 5.080000 2.540000 0.000000 2.540000 108.888506 106.967058 105.071877 103.204411 101.366192 99.558839 97.784064 104.110987 102.099669 100.112388 98.150606 96.215881 94.309879 92.434377 87.369660 87.007265 86.717784 86.501949 86.360312 169.528296 170.581856 171.666536 172.781749 173.926907 175.101423 176.304711 162.603177 163.701313 164.831277 165.992418 167.184087 168.405637 169.656421 
199.370243 93.661020 201.564056 98.244396 82.554760 80.833950 79.157247 77.527513 75.947771 142.668427 141.101733 139.563682 138.055231 136.577361 135.131075 133.717399 136.786019 135.151153 133.544586 131.967352 130.420515 128.905169 127.422438 100.815357 100.611215 100.422721 100.249962 95.810341 95.595512 95.397107 95.215231 86.432748 84.312806 82.216677 80.146227 78.103500 10.160000 7.620000 5.080000 2.540000 0.000000 110.551870 108.659840 106.794704 104.957896 103.150929 101.375400 99.632989 105.666444 103.685304 101.729003 99.799004 97.896862 96.024232 94.182875 87.804065 87.369660 87.007265 86.717784 86.501949 171.849739 172.889154 173.959447 175.060053 176.190404 177.349931 178.538065 164.904740 165.987650 167.102154 168.247624 169.423432 170.628950 171.863554 
103.854455 87.155572 207.780947 199.958165 28.173918 29.733310 31.420901 33.217157 35.105401 38.997406 38.696559 38.561027 38.592554 38.790731 39.153028 39.674949 31.485167 31.111762 30.943026 30.982306 31.228814 31.677715 32.320575 71.123977 72.305629 73.490228 74.677634 69.407689 70.618066 71.830501 73.044892 35.899711 36.031648 36.341068 36.823498 37.472257 104.110987 105.666444 107.259500 108.888506 110.551870 0.000000 2.540000 5.080000 7.620000 10.160000 12.700000 15.240000 7.620000 8.032185 9.158100 10.776307 12.700000 14.810618 17.038838 56.972532 59.508268 62.044352 64.580744 67.117409 173.897574 176.124671 178.360132 180.603645 182.854914 185.113657 187.379602 170.340805 172.613799 174.894140 177.181546 179.475745 181.776482 184.083511 
104.124128 87.476740 205.581634 197.671834 26.157807 27.830396 29.626580 31.525239 33.508960 39.459788 38.997406 38.696559 38.561027 38.592554 38.790731 39.153028 32.056091 31.485167 31.111762 30.943026 30.982306 31.228814 31.677715 68.770123 69.945422 71.123977 72.305629 66.993559 68.199481 69.407689 70.618066 33.360090 33.502030 33.834592 34.352240 35.046775 102.099669 103.685304 105.308334 106.967058 108.659840 2.540000 0.000000 2.540000 5.080000 7.620000 10.160000 12.700000 8.032185 7.620000 8.032185 9.158100 10.776307 12.700000 14.810618 57.179138 59.706099 62.234123 64.763083 67.292875 171.679166 173.897574 176.124671 178.360132 180.603645 182.854914 185.113657 168.075458 170.340805 172.613799 174.894140 177.181546 179.475745 181.776482 
104.454888 87.870185 203.390260 195.391769 24.240365 26.036424 27.948142 29.953382 32.034587 40.078115 39.459788 38.997406 38.696559 38.561027 38.592554 38.790731 32.814225 32.056091 31.485167 31.111762 30.943026 30.982306 31.228814 66.429983 67.598249 68.770123 69.945422 64.589085 65.790049 66.993559 68.199481 30.820532 30.974112 31.333516 31.891786 32.638719 100.112388 101.729003 103.382751 105.071877 106.794704 5.080000 2.540000 0.000000 2.540000 5.080000 7.620000 10.160000 9.158100 8.032185 7.620000 8.032185 9.158100 10.776307 12.700000 57.497316 60.010881 62.526583 65.044174 67.563442 169.469788 171.679166 173.897574 176.124671 178.360132 180.603645 182.854914 165.818071 168.075458 170.340805 172.613799 174.894140 177.181546 179.475745 
104.846155 88.334942 201.207083 193.118192 22.446890 24.375458 26.407693 28.521443 30.699876 40.845305 40.078115 39.459788 38.997406 38.696559 38.561027 38.592554 33.746955 32.814225 32.056091 31.485167 31.111762 30.943026 30.982306 64.105060 65.265517 66.429983 67.598249 62.195385 63.390812 64.589085 65.790049 28.281054 28.448346 28.839244 29.444843 30.252253 98.150606 99.799004 101.484207 103.204411 104.957896 7.620000 5.080000 2.540000 0.000000 2.540000 5.080000 7.620000 10.776307 9.158100 8.032185 7.620000 8.032185 9.158100 10.776307 57.925229 60.420995 62.920302 65.422743 67.927972 167.269797 169.469788 171.679166 173.897574 176.124671 178.360132 180.603645 163.568972 165.818071 168.075458 170.340805 172.613799 174.894140 177.181546 
105.297255 88.869893 199.032375 190.851335 20.809462 22.876490 25.030722 27.251487 29.523774 41.753153 40.845305 40.078115 39.459788 38.997406 38.696559 38.561027 34.840261 33.746955 32.814225 32.056091 31.485167 31.111762 30.943026 61.797071 62.948832 64.105060 65.265517 59.813755 61.002973 62.195385 63.390812 25.741678 25.925362 26.353709 27.015084 27.892916 96.215881 97.896862 99.614249 101.366192 103.150929 10.160000 7.620000 5.080000 2.540000 0.000000 2.540000 5.080000 12.700000 10.776307 9.158100 8.032185 7.620000 8.032185 9.158100 58.460467 60.934314 63.413393 65.897111 68.384965 165.079570 167.269797 169.469788 171.679166 173.897574 176.124671 178.360132 161.328510 163.568972 165.818071 168.075458 170.340805 172.613799 174.894140 
105.807424 89.473778 196.866414 188.591439 19.367698 21.573312 23.845567 26.167108 28.525905 42.792707 41.753153 40.845305 40.078115 39.459788 38.997406 38.696559 36.079549 34.840261 33.746955 32.814225 32.056091 31.485167 31.111762 59.507987 60.650032 61.797071 62.948832 57.445694 58.627925 59.813755 61.002973 23.202439 23.406059 23.879639 24.607600 25.568222 94.309879 96.024232 97.774517 99.558839 101.375400 12.700000 10.160000 7.620000 5.080000 2.540000 0.000000 2.540000 14.810618 12.700000 10.776307 9.158100 8.032185 7.620000 8.032185 59.100113 61.548256 64.003559 66.465228 68.932580 162.899499 165.079570 167.269797 169.469788 171.679166 173.897574 176.124671 159.097048 161.328510 163.568972 165.818071 168.075458 170.340805 172.613799 
106.375811 90.145211 194.709495 186.338759 18.168240 20.503293 22.882052 25.292188 27.725520 43.954624 42.792707 41.753153 40.845305 40.078115 39.459788 38.997406 37.450328 36.079549 34.840261 33.746955 32.814225 32.056091 31.485167 57.240075 58.371229 59.507987 60.650032 55.092952 56.267288 57.445694 58.627925 20.663387 20.891768 21.421008 22.229628 23.288546 92.434377 94.182875 95.966749 97.784064 99.632989 15.240000 12.700000 10.160000 7.620000 5.080000 2.540000 0.000000 17.038838 14.810618 12.700000 10.776307 9.158100 8.032185 7.620000 59.840820 62.259845 64.688144 67.124711 69.568678 160.729999 162.899499 165.079570 167.269797 169.469788 171.679166 173.897574 156.874970 159.097048 161.328510 163.568972 165.818071 168.075458 170.340805 
111.442964 79.588191 211.675951 196.777677 24.500788 25.531923 26.765141 28.173918 29.733310 46.544693 46.292920 46.179688 46.206016 46.371667 46.675157 47.113823 38.997406 38.696559 38.561027 38.592554 38.790731 39.153028 39.674949 74.277744 75.409993 76.546566 77.687272 72.101118 73.267012 74.436313 75.608863 36.575090 36.173444 35.947212 35.899711 36.031648 99.687599 101.119769 102.594839 104.110987 105.666444 7.620000 8.032185 9.158100 10.776307 12.700000 14.810618 17.038838 0.000000 2.540000 5.080000 7.620000 10.160000 12.700000 15.240000 49.367956 51.902312 54.437194 56.972532 59.508268 177.710077 179.889981 182.079218 184.277458 186.484382 188.699685 190.923075 173.897574 176.124671 178.360132 180.603645 182.854914 185.113657 187.379602 
111.694317 79.939767 209.517528 194.453955 22.152874 23.288201 24.634001 26.157807 27.830396 46.932778 46.544693 46.292920 46.179688 46.206016 46.371667 46.675157 39.459788 38.997406 38.696559 38.561027 38.592554 38.790731 39.153028 72.027029 73.150018 74.277744 75.409993 69.780233 70.938799 72.101118 73.267012 34.085827 33.654486 33.411202 33.360090 33.502030 97.585153 99.047728 100.553199 102.099669 103.685304 8.032185 7.620000 8.032185 9.158100 10.776307 12.700000 14.810618 2.540000 0.000000 2.540000 5.080000 7.620000 10.160000 12.700000 49.606244 52.129017 54.653385 57.179138 59.706099 175.539857 177.710077 179.889981 182.079218 184.277458 186.484382 188.699685 171.679166 173.897574 176.124671 178.360132 180.603645 182.854914 185.113657 
112.002723 80.370117 207.367751 192.135707 19.852311 21.111720 22.587572 24.240365 26.036424 47.453831 46.932778 46.544693 46.292920 46.179688 46.206016 46.371667 40.078115 39.459788 38.997406 38.696559 38.561027 38.592554 38.790731 69.796173 70.909001 72.027029 73.150018 67.475135 68.625611 69.780233 70.938799 31.604639 31.138947 30.875848 30.820532 30.974112 95.503980 96.997940 98.534734 100.112388 101.729003 9.158100 8.032185 7.620000 8.032185 9.158100 10.776307 12.700000 5.080000 2.540000 0.000000 2.540000 5.080000 7.620000 10.160000 49.972663 52.477823 54.986181 57.497316 60.010881 173.379682 175.539857 177.710077 179.889981 182.079218 184.277458 186.484382 169.469788 171.679166 173.897574 176.124671 178.360132 180.603645 182.854914 
112.367711 80.877984 205.226891 189.823135 17.617658 19.025571 20.651054 22.446890 24.375458 48.103531 47.453831 46.932778 46.544693 46.292920 46.179688 46.206016 40.845305 40.078115 39.459788 38.997406 38.696559 38.561027 38.592554 67.587143 68.688797 69.796173 70.909001 65.187498 66.329020 67.475135 68.625611 29.133589 28.627728 28.341327 28.281054 28.448346 93.445499 94.971846 96.540897 98.150606 99.799004 10.776307 9.158100 8.032185 7.620000 8.032185 9.158100 10.776307 7.620000 5.080000 2.540000 0.000000 2.540000 5.080000 7.620000 50.464421 52.946319 55.433481 57.925229 60.420995 171.229934 173.379682 175.539857 177.710077 179.889981 182.079218 184.277458 167.269797 169.469788 171.679166 173.897574 176.124671 178.360132 180.603645 
112.788733 81.461918 203.095230 187.516448 15.477489 17.062917 18.858336 20.809462 22.876490 48.876748 48.103531 47.453831 46.932778 46.544693 46.292920 46.179688 41.753153 40.845305 40.078115 39.459788 38.997406 38.696559 38.561027 65.402149 66.491493 67.587143 68.688797 62.919227 64.050813 65.187498 66.329020 26.675494 26.122075 25.807882 25.741678 25.925362 91.411244 92.970994 94.573248 96.215881 97.896862 12.700000 10.776307 9.158100 8.032185 7.620000 8.032185 9.158100 10.160000 7.620000 5.080000 2.540000 0.000000 2.540000 5.080000 51.077900 53.531362 55.992543 58.460467 60.934314 169.091010 171.229934 173.379682 175.539857 177.710077 179.889981 182.079218 165.079570 167.269797 169.469788 171.679166 173.897574 176.124671 178.360132 
113.265164 82.120297 200.973062 185.215867 13.476894 15.271449 17.254299 19.367698 21.573312 49.767726 48.876748 48.103531 47.453831 46.932778 46.544693 46.292920 42.792707 41.753153 40.845305 40.078115 39.459788 38.997406 38.696559 63.243684 64.319433 65.402149 66.491493 60.672495 61.793022 62.919227 64.050813 24.234298 23.623759 23.275867 23.202439 23.406059 89.402870 90.997051 92.633454 94.309879 96.024232 14.810618 12.700000 10.776307 9.158100 8.032185 7.620000 8.032185 12.700000 10.160000 7.620000 5.080000 2.540000 0.000000 2.540000 51.808773 54.229180 56.660057 59.100113 61.548256 166.963326 169.091010 171.229934 173.379682 175.539857 177.710077 179.889981 162.899499 165.079570 167.269797 169.469788 171.679166 173.897574 176.124671 
113.796307 82.851345 198.860689 182.921621 11.687767 13.718395 15.896165 18.168240 20.503293 50.770264 49.767726 48.876748 48.103531 47.453831 46.932778 46.544693 43.954624 42.792707 41.753153 40.845305 40.078115 39.459788 38.997406 61.114559 62.175265 63.243684 64.319433 58.449785 59.557968 60.672495 61.793022 21.815673 21.135382 20.745804 20.663387 20.891768 87.422159 89.051806 90.723302 92.434377 94.182875 17.038838 14.810618 12.700000 10.776307 9.158100 8.032185 7.620000 15.240000 12.700000 10.160000 7.620000 5.080000 2.540000 0.000000 52.652155 55.035482 57.432242 59.840820 62.259845 164.847317 166.963326 169.091010 171.229934 173.379682 175.539857 177.710077 160.729999 162.899499 165.079570 167.269797 169.469788 171.679166 173.897574 
160.394104 30.414117 243.710954 185.994030 48.127084 46.017425 43.953314 41.941475 39.989800 95.458236 95.425540 95.460440 95.562863 95.732592 95.969269 96.272402 87.841073 87.805540 87.843468 87.954761 88.139142 88.396154 88.725164 108.348730 109.167291 109.994425 110.829939 104.500855 105.349318 106.206191 107.071270 68.620218 66.553075 64.519707 62.523407 60.567842 86.501949 86.717784 87.007265 87.369660 87.804065 56.972532 57.179138 57.497316 57.925229 58.460467 59.100113 59.840820 49.367956 49.606244 49.972663 50.464421 51.077900 51.808773 52.652155 0.000000 2.540000 5.080000 7.620000 10.160000 209.962741 211.851407 213.753569 215.668869 217.596959 219.537504 221.490176 204.922515 206.857206 208.804868 210.765144 212.737683 214.722148 216.718211 
162.932114 27.936064 245.388742 185.604915 50.276558 48.127084 46.017425 43.953314 41.941475 97.997388 97.965539 97.999535 98.099307 98.264655 98.495248 98.790631 90.380074 90.345540 90.382402 90.490573 90.669797 90.919655 91.239566 110.310069 111.114183 111.926930 112.748124 106.411871 107.245217 108.087060 108.937204 70.718174 68.620218 66.553075 64.519707 62.523407 86.360312 86.501949 86.717784 87.007265 87.369660 59.508268 59.706099 60.010881 60.420995 60.934314 61.548256 62.259845 51.902312 52.129017 52.477823 52.946319 53.531362 54.229180 55.035482 2.540000 0.000000 2.540000 5.080000 7.620000 211.677106 213.550611 215.437770 217.338229 219.251640 221.177667 223.115985 206.585025 208.504289 210.436708 212.381922 214.339583 216.309352 218.290903 
165.470185 25.470218 247.081247 185.249812 52.460952 50.276558 48.127084 46.017425 43.953314 100.536584 100.505539 100.538676 100.635931 100.797118 101.021931 101.309946 92.919130 92.885540 92.921394 93.026613 93.200960 93.444051 93.755348 112.294606 113.084609 113.883295 114.690482 108.348730 109.167291 109.994425 110.829939 72.844279 70.718174 68.620218 66.553075 64.519707 86.293238 86.360312 86.501949 86.717784 87.007265 62.044352 62.234123 62.526583 62.920302 63.413393 64.003559 64.688144 54.437194 54.653385 54.986181 55.433481 55.992543 56.660057 57.432242 5.080000 2.540000 0.000000 2.540000 5.080000 213.407931 215.266373 217.138621 219.024322 220.923130 222.834711 224.758739 208.265242 210.169163 212.086413 214.016633 215.959476 217.914603 219.881688 
168.008314 23.020504 248.788172 184.928917 54.676082 52.460952 50.276558 48.127084 46.017425 103.075818 103.045539 103.077859 103.172720 103.329950 103.549264 103.830270 95.458236 95.425540 95.460440 95.562863 95.732592 95.969269 96.272402 114.301133 115.077362 115.862312 116.655807 110.310069 111.114183 111.926930 112.748124 74.996141 72.844279 70.718174 68.620218 66.553075 86.300902 86.293238 86.360312 86.501949 86.717784 64.580744 64.763083 65.044174 65.422743 65.897111 66.465228 67.124711 56.972532 57.179138 57.497316 57.925229 58.460467 59.100113 59.840820 7.620000 5.080000 2.540000 0.000000 2.540000 215.154819 216.998301 218.855734 220.726765 222.611052 224.508262 226.418069 209.962741 211.851407 213.753569 215.668869 217.596959 219.537504 221.490176 
170.546499 20.592677 250.509220 184.642409 56.918359 54.676082 52.460952 50.276558 48.127084 105.615090 105.585539 105.617082 105.709664 105.863126 106.077203 106.351530 97.997388 97.965539 97.999535 98.099307 98.264655 98.495248 98.790631 116.328512 117.091302 117.862840 118.642956 112.294606 113.084609 113.883295 114.690482 77.171604 74.996141 72.844279 70.718174 68.620218 86.383283 86.300902 86.293238 86.360312 86.501949 67.117409 67.292875 67.563442 67.927972 68.384965 68.932580 69.568678 59.508268 59.706099 60.010881 60.420995 60.934314 61.548256 62.259845 10.160000 7.620000 5.080000 2.540000 0.000000 216.917382 218.746010 220.588727 222.445182 224.315035 226.197953 228.093613 211.677106 213.550611 215.437770 217.338229 219.251640 221.177667 223.115985 
163.091419 235.342361 34.015062 173.044042 163.898060 165.470101 167.065969 168.684987 170.326494 164.498350 162.059406 159.623615 157.191122 154.762084 152.336665 149.915041 166.771298 164.366085 161.964988 159.568191 157.175893 154.788302 152.405638 103.733041 102.681482 101.634913 100.593489 106.650418 105.627906 104.610818 103.599314 143.891645 145.402119 146.940974 148.507330 150.100324 162.603177 164.904740 167.213207 169.528296 171.849739 173.897574 171.679166 169.469788 167.269797 165.079570 162.899499 160.729999 177.710077 175.539857 173.379682 171.229934 169.091010 166.963326 164.847317 209.962741 211.677106 213.407931 215.154819 216.917382 0.000000 2.540000 5.080000 7.620000 10.160000 12.700000 15.240000 7.620000 8.032185 9.158100 10.776307 12.700000 14.810618 17.038838 
165.613946 237.097438 31.952974 172.650539 165.909967 167.463123 169.040176 170.640464 172.263338 166.940307 164.498350 162.059406 159.623615 157.191122 154.762084 152.336665 169.180451 166.771298 164.366085 161.964988 159.568191 157.175893 154.788302 105.850533 104.789440 103.733041 102.681482 108.711100 107.678199 106.650418 105.627906 145.952025 147.441393 148.959183 150.504536 152.076611 163.701313 165.987650 168.281262 170.581856 172.889154 176.124671 173.897574 171.679166 169.469788 167.269797 165.079570 162.899499 179.889981 177.710077 175.539857 173.379682 171.229934 169.091010 166.963326 211.851407 213.550611 215.266373 216.998301 218.746010 2.540000 0.000000 2.540000 5.080000 7.620000 10.160000 12.700000 8.032185 7.620000 8.032185 9.158100 10.776307 12.700000 14.810618 
168.136999 238.866629 29.964376 172.293586 167.936189 169.470776 171.029317 172.611165 174.215683 169.385148 166.940307 164.498350 162.059406 159.623615 157.191122 154.762084 171.593378 169.180451 166.771298 164.366085 161.964988 159.568191 157.175893 107.986250 106.916182 105.850533 104.789440 110.791687 109.748976 108.711100 107.678199 148.027312 149.496006 150.993145 152.517890 154.069423 164.831277 167.102154 169.380675 171.666536 173.959447 178.360132 176.124671 173.897574 171.679166 169.469788 167.269797 165.079570 182.079218 179.889981 177.710077 175.539857 173.379682 171.229934 169.091010 213.753569 215.437770 217.138621 218.855734 220.588727 5.080000 2.540000 0.000000 2.540000 5.080000 7.620000 10.160000 9.158100 8.032185 7.620000 8.032185 9.158100 10.776307 12.700000 
170.660554 240.649623 28.064895 171.973412 169.976213 171.492546 173.032878 174.596574 176.183012 171.832750 169.385148 166.940307 164.498350 162.059406 159.623615 157.191122 174.009922 171.593378 169.180451 166.771298 164.366085 161.964988 159.568191 110.139131 109.060608 107.986250 106.916182 112.891080 111.839099 110.791687 109.748976 150.116887 151.565334 153.042231 154.546762 156.078127 165.992418 168.247624 170.510839 172.781749 175.060053 180.603645 178.360132 176.124671 173.897574 171.679166 169.469788 167.269797 184.277458 182.079218 179.889981 177.710077 175.539857 173.379682 171.229934 215.668869 217.338229 219.024322 220.726765 222.445182 7.620000 5.080000 2.540000 0.000000 2.540000 5.080000 7.620000 10.776307 9.158100 8.032185 7.620000 8.032185 9.158100 10.776307 
173.184591 242.446115 26.273867 171.690221 172.029549 173.527940 175.050363 176.596196 178.164829 174.282996 171.832750 169.385148 166.940307 164.498350 162.059406 159.623615 176.429934 174.009922 171.593378 169.180451 166.771298 164.366085 161.964988 112.308189 111.221697 110.139131 109.060608 115.008248 113.947504 112.891080 111.839099 152.220162 153.648783 155.105842 156.590547 158.102118 167.184087 169.423432 171.671146 173.926907 176.190404 182.854914 180.603645 178.360132 176.124671 173.897574 171.679166 169.469788 186.484382 184.277458 182.079218 179.889981 177.710077 175.539857 173.379682 217.596959 219.251640 220.923130 222.611052 224.315035 10.160000 7.620000 5.080000 2.540000 0.000000 2.540000 5.080000 12.700000 10.776307 9.158100 8.032185 7.620000 8.032185 9.158100 
175.709087 244.255807 24.614975 171.444198 174.095725 175.576485 177.081296 178.609553 180.160657 176.735776 174.282996 171.832750 169.385148 166.940307 164.498350 162.059406 178.853274 176.429934 174.009922 171.593378 169.180451 166.771298 164.366085 114.492505 113.398495 112.308189 111.221697 117.142228 116.073194 115.008248 113.947504 154.336577 155.745785 157.183407 158.648670 160.140815 168.405637 170.628950 172.860990 175.101423 177.349931 185.113657 182.854914 180.603645 178.360132 176.124671 173.897574 171.679166 188.699685 186.484382 184.277458 182.079218 179.889981 177.710077 175.539857 219.537504 221.177667 222.834711 224.508262 226.197953 12.700000 10.160000 7.620000 5.080000 2.540000 0.000000 2.540000 14.810618 12.700000 10.776307 9.158100 8.032185 7.620000 8.032185 
178.234025 246.078409 23.116684 171.235502 176.174291 177.637724 179.125221 180.636185 182.170034 179.190987 176.735776 174.282996 171.832750 169.385148 166.940307 164.498350 181.279807 178.853274 176.429934 174.009922 171.593378 169.180451 166.771298 116.691222 115.590115 114.492505 113.398495 119.292117 118.215238 117.142228 116.073194 156.465597 157.855801 159.274379 160.720580 162.193665 169.656421 171.863554 174.079765 176.304711 178.538065 187.379602 185.113657 182.854914 180.603645 178.360132 176.124671 173.897574 190.923075 188.699685 186.484382 184.277458 182.079218 179.889981 177.710077 221.490176 223.115985 224.758739 226.418069 228.093613 15.240000 12.700000 10.160000 7.620000 5.080000 2.540000 0.000000 17.038838 14.810618 12.700000 10.776307 9.158100 8.032185 7.620000 
164.165028 229.873383 38.837739 165.529411 159.331893 160.828241 162.350537 163.898060 165.470101 162.551152 160.082545 157.616206 155.152244 152.690774 150.231919 147.775808 164.498350 162.059406 159.623615 157.191122 154.762084 152.336665 149.915041 99.682828 98.588078 97.497579 96.411474 102.337749 101.271702 100.210411 99.154026 139.539645 140.959475 142.410456 143.891645 145.402119 155.742969 158.021969 160.308816 162.603177 164.904740 170.340805 168.075458 165.818071 163.568972 161.328510 159.097048 156.874970 173.897574 171.679166 169.469788 167.269797 165.079570 162.899499 160.729999 204.922515 206.585025 208.265242 209.962741 211.677106 7.620000 8.032185 9.158100 10.776307 12.700000 14.810618 17.038838 0.000000 2.540000 5.080000 7.620000 10.160000 12.700000 15.240000 
166.671307 231.669896 37.045081 165.118001 161.400729 162.878071 164.381386 165.909967 167.463123 165.021926 162.551152 160.082545 157.616206 155.152244 152.690774 150.231919 166.940307 164.498350 162.059406 159.623615 157.191122 154.762084 152.336665 101.884532 100.781690 99.682828 98.588078 104.483522 103.408402 102.337749 101.271702 141.663337 143.062091 144.491959 145.952025 147.441393 156.889129 159.151718 161.422561 163.701313 165.987650 172.613799 170.340805 168.075458 165.818071 163.568972 161.328510 159.097048 176.124671 173.897574 171.679166 169.469788 167.269797 165.079570 162.899499 206.857206 208.504289 210.169163 211.851407 213.550611 8.032185 7.620000 8.032185 9.158100 10.776307 12.700000 14.810618 2.540000 0.000000 2.540000 5.080000 7.620000 10.160000 12.700000 
169.178591 233.480217 35.344156 164.744728 163.482848 164.941542 166.426219 167.936189 169.470776 167.494771 165.021926 162.551152 160.082545 157.616206 155.152244 152.690774 169.385148 166.940307 164.498350 162.059406 159.623615 157.191122 154.762084 104.101645 102.991224 101.884532 100.781690 106.646618 105.562971 104.483522 103.408402 143.800530 145.178695 146.587918 148.027312 149.496006 158.067798 160.313753 162.568364 164.831277 167.102154 174.894140 172.613799 170.340805 168.075458 165.818071 163.568972 161.328510 178.360132 176.124671 173.897574 171.679166 169.469788 167.269797 165.079570 208.804868 210.436708 212.086413 213.753569 215.437770 9.158100 8.032185 7.620000 8.032185 9.158100 10.776307 12.700000 5.080000 2.540000 0.000000 2.540000 5.080000 7.620000 10.160000 
171.686838 235.304030 33.748835 164.409854 165.577750 167.018148 168.484527 169.976213 171.492546 169.969597 167.494771 165.021926 162.551152 160.082545 157.616206 155.152244 171.832750 169.385148 166.940307 164.498350 162.059406 159.623615 157.191122 106.333205 105.215677 104.101645 102.991224 108.826004 107.734336 106.646618 105.562971 145.950632 147.308683 148.697722 150.116887 151.565334 159.278253 161.507375 163.745553 165.992418 168.247624 177.181546 174.894140 172.613799 170.340805 168.075458 165.818071 163.568972 180.603645 178.360132 176.124671 173.897574 171.679166 169.469788 167.269797 210.765144 212.381922 214.016633 215.668869 217.338229 10.776307 9.158100 8.032185 7.620000 8.032185 9.158100 10.776307 7.620000 5.080000 2.540000 0.000000 2.540000 5.080000 7.620000 
174.196005 237.141022 32.274783 164.113612 167.684954 169.107406 170.555822 172.029549 173.527940 172.446318 169.969597 167.494771 165.021926 162.551152 160.082545 157.616206 174.282996 171.832750 169.385148 166.940307 164.498350 162.059406 159.623615 108.578321 107.454121 106.333205 105.215677 111.020720 109.921503 108.826004 107.734336 148.113082 149.451484 150.820789 152.220162 153.648783 160.519775 162.731892 164.953455 167.184087 169.423432 179.475745 177.181546 174.894140 172.613799 170.340805 168.075458 165.818071 182.854914 180.603645 178.360132 176.124671 173.897574 171.679166 169.469788 212.737683 214.339583 215.959476 217.596959 219.251640 12.700000 10.776307 9.158100 8.032185 7.620000 8.032185 9.158100 10.160000 7.620000 5.080000 2.540000 0.000000 2.540000 5.080000 
176.706052 238.990889 30.939336 163.856213 169.804004 171.208851 172.639638 174.095725 175.576485 174.924854 172.446318 169.969597 167.494771 165.021926 162.551152 160.082545 176.735776 174.282996 171.832750 169.385148 166.940307 164.498350 162.059406 110.836168 109.705702 108.578321 107.454121 113.229875 112.123546 111.020720 109.921503 150.287345 151.606554 152.956567 154.336577 155.745785 161.791648 163.986609 166.191401 168.405637 170.628950 181.776482 179.475745 177.181546 174.894140 172.613799 170.340805 168.075458 185.113657 182.854914 180.603645 178.360132 176.124671 173.897574 171.679166 214.722148 216.309352 217.914603 219.537504 221.177667 14.810618 12.700000 10.776307 9.158100 8.032185 7.620000 8.032185 12.700000 10.160000 7.620000 5.080000 2.540000 0.000000 2.540000 
179.216944 240.853335 29.761160 163.637840 171.934461 173.322040 174.735525 176.174291 177.637724 177.405129 174.924854 172.446318 169.969597 167.494771 165.021926 162.551152 179.190987 176.735776 174.282996 171.832750 169.385148 166.940307 164.498350 113.105984 111.969625 110.836168 109.705702 115.452641 114.339606 113.229875 112.123546 152.472917 153.773377 155.104531 156.465597 157.855801 163.093164 165.270840 167.458724 169.656421 171.863554 184.083511 181.776482 179.475745 177.181546 174.894140 172.613799 170.340805 187.379602 185.113657 182.854914 180.603645 178.360132 176.124671 173.897574 216.718211 218.290903 219.881688 221.490176 223.115985 17.038838 14.810618 12.700000 10.776307 9.158100 8.032185 7.620000 15.240000 12.700000 10.160000 7.620000 5.080000 2.540000 0.000000 
